539.866 11.473
540.044 12.480
540.222 20.486
540.401 28.493
540.579 5.500
540.757 20.506
540.935 17.513
541.113 20.520
541.292 10.527
541.470 10.533
541.648 19.540
541.826 7.547
542.004 -7.446
542.182 10.561
542.360 14.568
542.538 10.575
542.716 12.582
542.894 8.589
543.071 -12.404
543.249 18.603
543.427 18.611
543.605 20.618
543.783 6.625
543.960 19.632
544.138 -9.360
544.316 11.647
544.493 25.654
544.671 10.661
544.849 6.669
545.026 20.676
545.204 13.684
545.381 -5.309
545.559 0.699
545.736 8.706
545.914 27.714
546.091 6.721
546.269 25.729
546.446 16.736
546.623 24.744
546.801 7.752
546.978 -1.241
547.155 -2.233
547.332 11.775
547.510 6.782
547.687 9.790
547.864 3.798
548.041 23.806
548.218 17.813
548.395 3.821
548.572 -11.171
548.750 -1.163
548.927 10.845
549.104 11.853
549.280 15.861
549.457 23.869
549.634 15.876
549.811 7.884
549.988 10.892
550.165 7.900
550.342 5.908
550.518 25.916
550.695 13.925
550.872 10.933
551.049 10.941
551.225 13.949
551.402 5.957
551.579 9.965
551.755 2.973
551.932 19.981
552.108 6.990
552.285 -0.002
552.461 -6.994
552.638 13.014
552.814 22.022
552.991 14.031
553.167 10.039
553.343 18.047
553.520 14.055
553.696 7.064
553.872 9.072
554.048 27.080
554.225 12.089
554.401 -1.903
554.577 14.105
554.753 20.114
554.929 8.122
555.105 25.130
555.282 11.139
555.458 -0.853
555.634 3.156
555.810 8.164
555.986 9.172
556.162 11.181
556.337 16.189
556.513 8.198
556.689 9.206
556.865 5.215
557.041 0.223
557.217 7.232
557.392 6.240
557.568 7.248
557.744 6.257
557.920 26.265
558.095 12.274
558.271 20.282
558.446 13.291
558.622 1.300
558.798 -6.692
558.973 9.317
559.149 0.325
559.324 -2.666
559.500 8.342
559.675 6.351
559.850 12.359
560.026 11.368
560.201 3.376
560.376 3.385
560.552 -2.607
560.727 14.402
560.902 23.411
561.077 20.419
561.253 10.428
561.428 -2.564
561.603 -3.555
561.778 -0.547
561.953 6.462
562.128 12.471
562.303 9.479
562.478 13.488
562.653 15.496
562.828 23.505
563.003 15.513
563.178 10.522
563.353 6.531
563.528 4.539
563.702 14.548
563.877 16.556
564.052 24.565
564.227 -10.427
564.402 2.582
564.576 22.591
564.751 30.599
564.926 2.608
565.100 2.616
565.275 3.625
565.449 6.633
565.624 7.642
565.798 3.650
565.973 8.659
566.147 25.668
566.322 31.676
566.496 19.685
566.671 17.693
566.845 21.702
567.019 7.710
567.193 4.719
567.368 12.727
567.542 7.736
567.716 8.744
567.890 4.753
568.065 7.761
568.239 7.770
568.413 -0.222
568.587 18.787
568.761 14.795
568.935 7.804
569.109 9.812
569.283 8.821
569.457 1.829
569.631 -1.163
569.805 12.846
569.979 16.854
570.153 26.863
570.327 19.871
570.500 23.880
570.674 22.888
570.848 20.896
571.022 17.905
571.195 25.913
571.369 11.922
571.543 -0.070
571.716 6.938
571.890 5.947
572.063 7.955
572.237 4.963
572.411 4.972
572.584 2.980
572.757 16.988
572.931 10.997
573.104 18.005
573.278 4.013
573.451 -7.979
573.624 0.030
573.798 0.038
573.971 6.046
574.144 12.054
574.318 10.063
574.491 -1.929
574.664 4.079
574.837 25.087
575.010 4.096
575.183 5.104
575.356 -3.888
575.529 1.120
575.703 2.128
575.876 14.136
576.048 5.144
576.221 8.153
576.394 20.161
576.567 27.169
576.740 14.177
576.913 3.185
577.086 7.193
577.259 -11.799
577.431 4.209
577.604 5.217
577.777 8.225
577.950 20.233
578.122 12.241
578.295 19.249
578.467 10.257
578.640 11.265
578.813 16.273
578.985 -0.719
579.158 2.289
579.330 10.297
579.503 3.305
579.675 11.313
579.847 3.321
580.020 3.329
580.192 -0.664
580.364 -0.656
580.537 21.352
580.709 11.360
580.881 7.368
581.054 16.376
581.226 13.383
581.398 1.391
581.570 9.399
581.742 19.407
581.914 13.414
582.086 1.422
582.258 8.430
582.430 16.438
582.602 2.445
582.774 0.453
582.946 4.461
583.118 14.468
583.290 3.476
583.462 26.484
583.634 17.491
583.806 10.499
583.977 7.506
584.149 10.514
584.321 22.522
584.493 16.529
584.664 28.537
584.836 4.544
585.007 13.552
585.179 17.559
585.351 20.567
585.522 5.574
585.694 15.582
585.865 10.589
586.037 19.596
586.208 11.604
586.380 8.611
586.551 -0.381
586.722 -3.374
586.894 1.633
587.065 8.641
587.236 6.648
587.407 18.655
587.579 14.663
587.750 11.670
587.921 13.677
588.092 13.684
588.263 24.692
588.434 18.699
588.606 5.706
588.777 20.713
588.948 20.721
589.119 12.728
589.290 24.735
589.461 5.742
589.631 13.749
589.802 7.756
589.973 5.763
590.144 21.770
590.315 16.778
590.486 -0.215
590.656 6.792
590.827 21.799
590.998 9.806
591.169 18.813
591.339 6.820
591.510 15.827
591.681 16.834
591.851 18.841
592.022 -15.152
592.192 20.854
592.363 15.861
592.533 18.868
592.704 -0.125
592.874 14.882
593.044 13.889
593.215 6.896
593.385 2.902
593.556 20.909
593.726 -1.084
593.896 9.923
594.066 10.930
594.237 13.936
594.407 17.943
594.577 18.950
594.747 17.956
594.917 18.963
595.087 16.970
595.257 14.977
595.427 16.983
595.597 13.990
595.767 -1.004
595.937 10.003
596.107 12.010
596.277 13.016
596.447 24.023
596.617 12.029
596.787 15.036
596.957 19.042
597.126 20.049
597.296 18.055
597.466 30.062
597.635 14.068
597.805 6.075
597.975 -0.919
598.144 13.087
598.314 10.094
598.484 24.100
598.653 11.107
598.823 25.113
598.992 7.119
599.162 21.126
599.331 5.132
599.500 11.138
599.670 18.145
599.839 12.151
600.009 14.157
600.178 29.163
600.347 23.170
600.516 36.176
600.686 21.182
600.855 3.188
601.024 19.194
601.193 5.200
601.362 6.207
601.531 6.213
601.700 8.219
601.869 -1.775
602.038 21.231
602.207 16.237
602.376 35.243
602.545 24.249
602.714 22.255
602.883 13.261
603.052 3.267
603.221 -18.727
603.390 5.279
603.559 7.285
603.727 -3.709
603.896 -3.703
604.065 7.303
604.233 5.309
604.402 13.315
604.571 -2.680
604.739 22.326
604.908 6.332
605.076 4.338
605.245 7.344
605.413 0.350
605.582 5.355
605.750 9.361
605.919 -6.633
606.087 14.373
606.256 1.378
606.424 6.384
606.592 3.390
606.761 2.396
606.929 5.401
607.097 37.407
607.265 19.412
607.433 7.418
607.602 1.424
607.770 21.429
607.938 17.435
608.106 6.441
608.274 16.446
608.442 13.452
608.610 3.457
608.778 18.463
608.946 5.468
609.114 11.474
609.282 3.479
609.450 11.485
609.618 20.490
609.785 17.496
609.953 2.501
610.121 27.506
610.289 9.512
610.456 19.517
610.624 6.523
610.792 11.528
610.959 13.533
611.127 19.539
611.295 21.544
611.462 7.549
611.630 20.554
611.797 22.560
611.965 13.565
612.132 13.570
612.300 12.576
612.467 11.581
612.634 23.586
612.802 24.591
612.969 -3.404
613.136 16.602
613.304 26.607
613.471 8.612
613.638 23.617
613.805 16.622
613.973 26.627
614.140 -1.368
614.307 9.637
614.474 18.642
614.641 26.648
614.808 8.653
614.975 3.658
615.142 16.663
615.309 16.668
615.476 26.673
615.643 9.678
615.810 12.683
615.977 18.688
616.143 5.693
616.310 25.697
616.477 10.702
616.644 24.707
616.811 5.712
616.977 29.717
617.144 0.722
617.311 25.727
617.477 35.732
617.644 4.736
617.810 10.741
617.977 14.746
618.143 19.751
618.310 15.756
618.476 10.760
618.643 17.765
618.809 9.770
618.976 2.775
619.142 6.779
619.308 17.784
619.475 17.789
619.641 21.794
619.807 19.798
619.974 6.803
620.140 21.807
620.306 11.812
620.472 21.817
620.638 -5.179
620.804 10.826
620.970 8.831
621.136 2.835
621.303 14.840
621.469 21.844
621.634 35.849
621.800 20.853
621.966 17.858
622.132 6.862
622.298 21.867
622.464 31.871
622.630 6.876
622.796 26.880
622.961 4.885
623.127 13.889
623.293 29.894
623.459 24.898
623.624 25.902
623.790 22.907
623.955 9.911
624.121 15.916
624.287 22.920
624.452 11.924
624.618 12.929
624.783 9.933
624.949 2.937
625.114 15.942
625.279 37.946
625.445 34.950
625.610 6.954
625.775 12.959
625.941 4.963
626.106 26.967
626.271 11.971
626.437 15.976
626.602 4.980
626.767 -6.016
626.932 1.988
627.097 13.992
627.262 20.997
627.427 22.001
627.592 8.005
627.757 4.009
627.922 25.013
628.087 6.017
628.252 9.021
628.417 10.025
628.582 18.029
628.747 22.034
628.912 13.038
629.077 16.042
629.241 23.046
629.406 6.050
629.571 27.054
629.736 12.058
629.900 13.062
630.065 3.066
630.230 14.070
630.394 6.074
630.559 11.078
630.723 4.082
630.888 9.085
631.052 8.089
631.217 13.093
631.381 17.097
631.546 4.101
631.710 7.105
631.874 6.109
632.039 15.113
632.203 20.117
632.367 17.120
632.532 5.124
632.696 16.128
632.860 8.132
633.024 15.136
633.188 9.139
633.352 12.143
633.517 12.147
633.681 10.151
633.845 11.155
634.009 27.158
634.173 15.162
634.337 4.166
634.501 7.169
634.665 14.173
634.828 17.177
634.992 12.181
635.156 13.184
635.320 8.188
635.484 6.192
635.648 9.195
635.811 13.199
635.975 21.202
636.139 9.206
636.302 12.210
636.466 34.213
636.630 6.217
636.793 8.220
636.957 9.224
637.120 7.228
637.284 23.231
637.447 2.235
637.611 11.238
637.774 13.242
637.938 13.245
638.101 25.249
638.264 19.252
638.428 10.256
638.591 40.259
638.754 31.263
638.917 25.266
639.081 20.270
639.244 10.273
639.407 3.276
639.570 2.280
639.733 4.283
639.896 15.287
640.059 18.290
640.222 10.294
640.385 17.297
640.548 15.300
640.711 15.304
640.874 14.307
641.037 17.310
641.200 19.314
641.363 31.317
641.526 19.320
641.689 16.324
641.851 25.327
642.014 15.330
642.177 17.334
642.340 23.337
642.502 14.340
642.665 20.343
642.828 7.347
642.990 10.350
643.153 13.353
643.315 8.356
643.478 5.360
643.640 9.363
643.803 27.366
643.965 9.369
644.128 2.372
644.290 1.376
644.452 7.379
644.615 25.382
644.777 30.385
644.939 32.388
645.101 22.391
645.264 0.394
645.426 11.398
645.588 25.401
645.750 9.404
645.912 15.407
646.074 23.410
646.237 12.413
646.399 -1.584
646.561 -4.581
646.723 14.422
646.885 18.425
647.047 13.428
647.208 7.431
647.370 15.434
647.532 10.437
647.694 13.440
647.856 20.443
648.018 13.446
648.179 9.449
648.341 14.452
648.503 12.455
648.665 4.458
648.826 -2.539
648.988 28.464
649.149 11.467
649.311 19.470
649.473 1.473
649.634 18.476
649.796 9.479
649.957 13.482
650.119 10.485
650.280 -3.512
650.441 7.491
650.603 18.493
650.764 13.496
650.925 5.499
651.087 3.502
651.248 9.505
651.409 13.508
651.570 27.511
651.732 20.513
651.893 6.516
652.054 -8.481
652.215 11.522
652.376 4.525
652.537 2.527
652.698 7.530
652.859 13.533
653.020 15.536
653.181 21.538
653.342 3.541
653.503 18.544
653.664 9.547
653.825 5.549
653.986 12.552
654.146 30.555
654.307 10.558
654.468 17.560
654.629 6.563
654.789 19.566
654.950 11.568
655.111 18.571
655.271 10.574
655.432 2.576
655.592 21.579
655.753 18.582
655.913 13.584
656.074 12.587
656.234 1.590
656.395 10.592
656.555 12.595
656.716 8.598
656.876 18.600
657.036 11.603
657.197 7.605
657.357 6.608
657.517 5.611
657.677 17.613
657.838 10.616
657.998 0.618
658.158 25.621
658.318 10.623
658.478 9.626
658.638 16.628
658.798 21.631
658.958 21.633
659.118 15.636
659.278 9.639
659.438 17.641
659.598 32.644
659.758 9.646
659.918 13.649
660.078 18.651
660.238 19.653
660.397 10.656
660.557 6.658
660.717 23.661
660.876 26.663
661.036 22.666
661.196 9.668
661.355 16.671
661.515 -1.327
661.675 4.675
661.834 12.678
661.994 9.680
662.153 19.683
662.313 21.685
662.472 24.687
662.632 19.690
662.791 20.692
662.950 15.695
663.110 8.697
663.269 13.699
663.428 -6.298
663.588 18.704
663.747 3.706
663.906 3.709
664.065 22.711
664.224 4.713
664.383 12.716
664.543 17.718
664.702 0.720
664.861 18.723
665.020 17.725
665.179 21.727
665.338 7.730
665.497 10.732
665.656 22.734
665.815 14.736
665.973 10.739
666.132 -1.259
666.291 -1.257
666.450 23.745
666.609 16.748
666.767 13.750
666.926 14.752
667.085 20.754
667.243 26.757
667.402 26.759
667.561 16.761
667.719 7.763
667.878 14.765
668.036 6.768
668.195 7.770
668.353 8.772
668.512 18.774
668.670 9.776
668.829 -8.222
668.987 10.781
669.145 15.783
669.304 19.785
669.462 18.787
669.620 14.789
669.779 7.791
669.937 22.793
670.095 21.796
670.253 7.798
670.411 5.800
670.569 10.802
670.728 30.804
670.886 1.806
671.044 8.808
671.202 11.810
671.360 15.812
671.518 13.814
671.676 2.817
671.833 11.819
671.991 20.821
672.149 1.823
672.307 5.825
672.465 13.827
672.623 15.829
672.780 22.831
672.938 8.833
673.096 12.835
673.254 17.837
673.411 14.839
673.569 15.841
673.726 16.843
673.884 18.845
674.042 18.847
674.199 4.849
674.357 7.851
674.514 14.853
674.671 27.855
674.829 12.857
674.986 13.859
675.144 -2.139
675.301 6.863
675.458 5.865
675.616 16.867
675.773 21.869
675.930 22.871
676.087 14.873
676.244 15.875
676.402 0.877
676.559 22.878
676.716 2.880
676.873 -3.118
677.030 16.884
677.187 7.886
677.344 -1.112
677.501 8.890
677.658 28.892
677.815 16.894
677.972 18.896
678.129 26.897
678.285 20.899
678.442 12.901
678.599 16.903
678.756 8.905
678.913 4.907
679.069 18.909
679.226 8.911
679.383 18.912
679.539 32.914
679.696 5.916
679.853 10.918
680.009 23.920
680.166 16.922
680.322 16.923
680.479 1.925
680.635 27.927
680.791 20.929
680.948 -5.069
681.104 16.932
681.261 0.934
681.417 28.936
681.573 27.938
681.730 11.940
681.886 15.941
682.042 2.943
682.198 8.945
682.354 28.947
682.510 19.948
682.667 10.950
682.823 18.952
682.979 4.954
683.135 -3.045
683.291 0.957
683.447 19.959
683.603 34.961
683.759 19.962
683.915 27.964
684.071 7.966
684.226 14.967
684.382 20.969
684.538 10.971
684.694 35.973
684.850 20.974
685.005 22.976
685.161 7.978
685.317 8.979
685.472 5.981
685.628 12.983
685.783 14.984
685.939 23.986
686.095 13.988
686.250 25.989
686.406 7.991
686.561 22.993
686.717 13.994
686.872 17.996
687.027 20.998
687.183 17.999
687.338 -5.999
687.493 11.003
687.649 16.004
687.804 16.006
687.959 18.008
688.114 32.009
688.269 20.011
688.425 19.012
688.580 10.014
688.735 10.016
688.890 5.017
689.045 14.019
689.200 7.020
689.355 12.022
689.510 11.024
689.665 21.025
689.820 18.027
689.975 16.028
690.130 27.030
690.284 16.031
690.439 19.033
690.594 20.035
690.749 6.036
690.904 -2.962
691.058 7.039
691.213 18.041
691.368 12.042
691.522 15.044
691.677 21.045
691.831 12.047
691.986 18.048
692.141 12.050
692.295 12.052
692.450 19.053
692.604 17.055
692.758 11.056
692.913 17.058
693.067 13.059
693.222 14.061
693.376 15.062
693.530 21.064
693.684 13.065
693.839 37.067
693.993 18.068
694.147 -0.930
694.301 19.071
694.455 21.073
694.610 4.074
694.764 15.075
694.918 12.077
695.072 16.078
695.226 17.080
695.380 22.081
695.534 16.083
695.688 17.084
695.841 22.086
695.995 22.087
696.149 24.089
696.303 30.090
696.457 20.091
696.611 25.093
696.764 12.094
696.918 6.096
697.072 12.097
697.225 11.099
697.379 34.100
697.533 30.101
697.686 12.103
697.840 11.104
697.993 4.106
698.147 20.107
698.300 28.108
698.454 15.110
698.607 14.111
698.761 12.113
698.914 34.114
699.067 8.115
699.221 12.117
699.374 11.118
699.527 15.119
699.681 24.121
699.834 19.122
699.987 16.124
700.140 29.125
700.293 28.126
700.447 21.128
700.600 9.129
700.753 9.130
700.906 2.132
701.059 10.133
701.212 24.134
701.365 12.136
701.518 0.137
701.671 21.138
701.823 14.140
701.976 27.141
702.129 23.142
702.282 19.144
702.435 14.145
702.588 30.146
702.740 19.148
702.893 13.149
703.046 17.150
703.198 9.151
703.351 7.153
703.504 12.154
703.656 10.155
703.809 25.157
703.961 21.158
704.114 13.159
704.266 17.161
704.419 21.162
704.571 7.163
704.723 16.164
704.876 17.166
705.028 21.167
705.181 29.168
705.333 29.169
705.485 25.171
705.637 27.172
705.790 23.173
705.942 39.174
706.094 31.176
706.246 27.177
706.398 16.178
706.550 23.179
706.702 12.181
706.854 38.182
707.006 37.183
707.158 28.184
707.310 14.186
707.462 20.187
707.614 13.188
707.766 18.189
707.918 33.191
708.070 7.192
708.221 30.193
708.373 26.194
708.525 25.195
708.677 34.197
708.828 23.198
708.980 36.199
709.132 29.200
709.283 20.201
709.435 19.203
709.586 34.204
709.738 39.205
709.889 33.206
710.041 44.207
710.192 32.208
710.344 28.210
710.495 24.211
710.647 20.212
710.798 20.213
710.949 32.214
711.101 35.215
711.252 14.217
711.403 32.218
711.554 18.219
711.706 15.220
711.857 34.221
712.008 19.222
712.159 4.224
712.310 24.225
712.461 33.226
712.612 27.227
712.763 23.228
712.914 33.229
713.065 33.230
713.216 18.232
713.367 25.233
713.518 25.234
713.669 19.235
713.820 37.236
713.970 40.237
714.121 28.238
714.272 29.239
714.423 14.241
714.573 23.242
714.724 18.243
714.875 37.244
715.025 19.245
715.176 10.246
715.327 21.247
715.477 33.248
715.628 21.249
715.778 31.250
715.929 19.252
716.079 21.253
716.229 17.254
716.380 35.255
716.530 57.256
716.681 18.257
716.831 24.258
716.981 19.259
717.131 34.260
717.282 36.261
717.432 32.262
717.582 29.263
717.732 24.264
717.882 31.265
718.032 16.267
718.183 39.268
718.333 42.269
718.483 28.270
718.633 30.271
718.783 28.272
718.933 15.273
719.082 30.274
719.232 20.275
719.382 32.276
719.532 50.277
719.682 23.278
719.832 37.279
719.981 29.280
720.131 55.281
720.281 31.282
720.431 37.283
720.580 20.284
720.730 25.285
720.880 18.286
721.029 28.287
721.179 30.288
721.328 33.289
721.478 24.290
721.627 28.291
721.777 42.292
721.926 46.293
722.076 30.294
722.225 19.295
722.374 21.296
722.524 35.297
722.673 33.298
722.822 40.299
722.971 36.300
723.121 24.301
723.270 27.302
723.419 30.303
723.568 43.304
723.717 34.305
723.866 37.306
724.015 31.307
724.164 34.308
724.313 45.309
724.462 39.310
724.611 35.311
724.760 38.312
724.909 21.313
725.058 31.314
725.207 28.315
725.356 20.316
725.505 40.317
725.653 37.318
725.802 40.319
725.951 26.320
726.100 9.321
726.248 30.322
726.397 41.322
726.546 21.323
726.694 19.324
726.843 33.325
726.991 35.326
727.140 27.327
727.288 33.328
727.437 25.329
727.585 27.330
727.734 26.331
727.882 29.332
728.030 38.333
728.179 42.334
728.327 35.335
728.475 37.335
728.624 46.336
728.772 28.337
728.920 35.338
729.068 21.339
729.216 33.340
729.364 31.341
729.513 34.342
729.661 20.343
729.809 28.344
729.957 39.345
730.105 38.345
730.253 32.346
730.401 37.347
730.549 40.348
730.696 48.349
730.844 39.350
730.992 35.351
731.140 37.352
731.288 31.353
731.436 31.353
731.583 58.354
731.731 26.355
731.879 35.356
732.026 31.357
732.174 48.358
732.322 58.359
732.469 46.360
732.617 49.360
732.764 27.361
732.912 27.362
733.059 35.363
733.207 49.364
733.354 40.365
733.502 39.366
733.649 40.367
733.796 37.367
733.944 36.368
734.091 40.369
734.238 36.370
734.385 37.371
734.533 41.372
734.680 34.372
734.827 34.373
734.974 26.374
735.121 36.375
735.268 39.376
735.415 52.377
735.562 32.378
735.709 39.378
735.856 25.379
736.003 52.380
736.150 40.381
736.297 48.382
736.444 24.383
736.591 30.383
736.738 44.384
736.885 51.385
737.031 41.386
737.178 58.387
737.325 41.387
737.472 36.388
737.618 34.389
737.765 27.390
737.911 15.391
738.058 27.391
738.205 23.392
738.351 45.393
738.498 32.394
738.644 37.395
738.791 34.396
738.937 39.396
739.083 61.397
739.230 30.398
739.376 30.399
739.523 46.399
739.669 46.400
739.815 41.401
739.961 47.402
740.108 41.403
740.254 49.403
740.400 29.404
740.546 33.405
740.692 33.406
740.838 32.407
740.984 38.407
741.131 37.408
741.277 54.409
741.423 29.410
741.568 39.410
741.714 51.411
741.860 53.412
742.006 35.413
742.152 34.414
742.298 53.414
742.444 38.415
742.590 44.416
742.735 49.417
742.881 36.417
743.027 37.418
743.172 31.419
743.318 38.420
743.464 51.420
743.609 48.421
743.755 26.422
743.900 47.423
744.046 36.423
744.192 48.424
744.337 34.425
744.482 47.426
744.628 31.426
744.773 40.427
744.919 31.428
745.064 40.429
745.209 49.429
745.355 43.430
745.500 49.431
745.645 39.432
745.790 48.432
745.936 39.433
746.081 35.434
746.226 26.434
746.371 33.435
746.516 36.436
746.661 53.437
746.806 41.437
746.951 40.438
747.096 35.439
747.241 34.439
747.386 46.440
747.531 42.441
747.676 55.442
747.821 58.442
747.965 39.443
748.110 56.444
748.255 34.444
748.400 37.445
748.544 20.446
748.689 24.447
748.834 45.447
748.978 35.448
749.123 51.449
749.268 51.449
749.412 38.450
749.557 47.451
749.701 41.451
749.846 29.452
749.990 39.453
750.135 58.454
750.279 48.454
750.423 37.455
750.568 31.456
750.712 61.456
750.856 54.457
751.001 63.458
751.145 51.458
751.289 16.459
751.433 47.460
751.578 55.460
751.722 34.461
751.866 36.462
752.010 31.462
752.154 46.463
752.298 42.464
752.442 37.464
752.586 47.465
752.730 45.466
752.874 53.466
753.018 39.467
753.162 42.468
753.306 45.468
753.449 52.469
753.593 46.470
753.737 61.470
753.881 51.471
754.025 44.472
754.168 44.472
754.312 42.473
754.456 63.474
754.599 48.474
754.743 44.475
754.886 50.476
755.030 49.476
755.173 46.477
755.317 52.478
755.460 64.478
755.604 54.479
755.747 53.480
755.891 60.480
756.034 52.481
756.177 51.482
756.321 55.482
756.464 57.483
756.607 54.483
756.751 58.484
756.894 40.485
757.037 53.485
757.180 49.486
757.323 57.487
757.466 57.487
757.609 57.488
757.752 51.489
757.896 46.489
758.039 67.490
758.181 58.490
758.324 56.491
758.467 48.492
758.610 55.492
758.753 57.493
758.896 35.494
759.039 35.494
759.182 42.495
759.324 46.495
759.467 49.496
759.610 68.497
759.753 59.497
759.895 51.498
760.038 34.498
760.180 43.499
760.323 75.500
760.466 50.500
760.608 42.501
760.751 46.501
760.893 57.502
761.036 54.503
761.178 81.503
761.320 46.504
761.463 49.504
761.605 40.505
761.747 70.506
761.890 42.506
762.032 43.507
762.174 35.507
762.317 60.508
762.459 48.509
762.601 49.509
762.743 44.510
762.885 51.510
763.027 55.511
763.169 55.512
763.311 46.512
763.453 60.513
763.595 60.513
763.737 67.514
763.879 63.515
764.021 55.515
764.163 57.516
764.305 43.516
764.447 64.517
764.589 68.517
764.730 52.518
764.872 61.519
765.014 49.519
765.156 51.520
765.297 64.520
765.439 58.521
765.580 55.521
765.722 51.522
765.864 46.523
766.005 53.523
766.147 57.524
766.288 53.524
766.430 76.525
766.571 59.525
766.713 61.526
766.854 61.527
766.995 68.527
767.137 57.528
767.278 62.528
767.419 67.529
767.560 63.529
767.702 57.530
767.843 60.530
767.984 49.531
768.125 56.532
768.266 41.532
768.408 51.533
768.549 69.533
768.690 57.534
768.831 83.534
768.972 64.535
769.113 76.535
769.254 65.536
769.395 61.537
769.535 54.537
769.676 63.538
769.817 60.538
769.958 57.539
770.099 67.539
770.240 69.540
770.380 66.540
770.521 70.541
770.662 74.541
770.802 66.542
770.943 67.542
771.084 63.543
771.224 72.544
771.365 67.544
771.505 72.545
771.646 76.545
771.786 52.546
771.927 57.546
772.067 66.547
772.207 70.547
772.348 43.548
772.488 48.548
772.629 58.549
772.769 68.549
772.909 65.550
773.049 60.550
773.190 60.551
773.330 59.551
773.470 67.552
773.610 60.552
773.750 60.553
773.890 44.553
774.030 48.554
774.170 57.554
774.310 66.555
774.450 67.556
774.590 73.556
774.730 67.557
774.870 75.557
775.010 89.558
775.150 79.558
775.290 60.559
775.430 48.559
775.569 65.560
775.709 71.560
775.849 72.561
775.989 69.561
776.128 61.562
776.268 69.562
776.407 58.563
776.547 69.563
776.687 68.564
776.826 79.564
776.966 82.565
777.105 70.565
777.245 63.566
777.384 58.566
777.523 54.567
777.663 58.567
777.802 74.568
777.942 79.568
778.081 71.569
778.220 75.569
778.359 61.570
778.499 75.570
778.638 89.571
778.777 81.571
778.916 76.571
779.055 58.572
779.194 71.572
779.333 84.573
779.473 68.573
779.612 67.574
779.751 70.574
779.890 72.575
780.028 67.575
780.167 77.576
780.306 63.576
780.445 69.577
780.584 73.577
780.723 52.578
780.862 62.578
781.000 71.579
781.139 68.579
781.278 59.580
781.416 72.580
781.555 68.581
781.694 69.581
781.832 75.582
781.971 72.582
782.110 68.582
782.248 67.583
782.387 78.583
782.525 85.584
782.663 69.584
782.802 59.585
782.940 58.585
783.079 72.586
783.217 67.586
783.355 75.587
783.494 67.587
783.632 72.588
783.770 58.588
783.908 73.588
784.047 73.589
784.185 71.589
784.323 70.590
784.461 69.590
784.599 75.591
784.737 71.591
784.875 83.592
785.013 62.592
785.151 71.593
785.289 62.593
785.427 71.593
785.565 83.594
785.703 68.594
785.841 61.595
785.978 68.595
786.116 74.596
786.254 65.596
786.392 68.597
786.530 75.597
786.667 87.597
786.805 84.598
786.943 85.598
787.080 75.599
787.218 77.599
787.355 78.600
787.493 61.600
787.630 85.601
787.768 73.601
787.905 79.601
788.043 75.602
788.180 81.602
788.318 62.603
788.455 68.603
788.592 88.604
788.730 80.604
788.867 74.604
789.004 55.605
789.141 70.605
789.279 68.606
789.416 66.606
789.553 70.607
789.690 51.607
789.827 71.607
789.964 62.608
790.101 74.608
790.238 72.609
790.375 74.609
790.512 76.610
790.649 63.610
790.786 65.610
790.923 67.611
791.060 73.611
791.197 86.612
791.333 73.612
791.470 78.613
791.607 83.613
791.744 93.613
791.880 66.614
792.017 64.614
792.154 86.615
792.290 79.615
792.427 76.615
792.564 73.616
792.700 68.616
792.837 90.617
792.973 84.617
793.110 80.618
793.246 92.618
793.382 87.618
793.519 86.619
793.655 74.619
793.792 68.620
793.928 90.620
794.064 84.620
794.200 69.621
794.337 76.621
794.473 61.622
794.609 82.622
794.745 76.622
794.881 77.623
795.017 84.623
795.154 94.624
795.290 91.624
795.426 78.624
795.562 79.625
795.698 82.625
795.834 95.626
795.970 68.626
796.105 88.626
796.241 85.627
796.377 94.627
796.513 84.628
796.649 79.628
796.785 89.628
796.920 80.629
797.056 63.629
797.192 77.630
797.327 80.630
797.463 91.630
797.599 100.631
797.734 92.631
797.870 86.632
798.005 78.632
798.141 81.632
798.276 78.633
798.412 93.633
798.547 81.633
798.683 71.634
798.818 72.634
798.953 78.635
799.089 82.635
799.224 89.635
799.359 94.636
799.494 96.636
799.630 100.637
799.765 71.637
799.900 84.637
800.035 91.638
800.170 85.638
800.305 97.638
800.440 101.639
800.576 92.639
800.711 90.640
800.846 86.640
800.981 93.640
801.115 100.641
801.250 91.641
801.385 95.641
801.520 93.642
801.655 86.642
801.790 85.643
801.925 83.643
802.059 105.643
802.194 84.644
802.329 89.644
802.463 113.644
802.598 104.645
802.733 116.645
802.867 106.646
803.002 91.646
803.136 97.646
803.271 98.647
803.405 95.647
803.540 86.647
803.674 98.648
803.809 93.648
803.943 106.648
804.077 99.649
804.212 94.649
804.346 112.650
804.480 100.650
804.615 122.650
804.749 105.651
804.883 107.651
805.017 106.651
805.151 117.652
805.286 117.652
805.420 120.652
805.554 111.653
805.688 130.653
805.822 108.653
805.956 118.654
806.090 110.654
806.224 114.655
806.358 131.655
806.492 137.655
806.625 139.656
806.759 125.656
806.893 121.656
807.027 130.657
807.161 148.657
807.294 135.657
807.428 126.658
807.562 131.658
807.696 137.658
807.829 128.659
807.963 140.659
808.096 147.659
808.230 143.660
808.363 149.660
808.497 143.660
808.630 141.661
808.764 133.661
808.897 136.662
809.031 142.662
809.164 148.662
809.297 158.663
809.431 146.663
809.564 157.663
809.697 147.664
809.831 149.664
809.964 165.664
810.097 165.665
810.230 169.665
810.363 171.665
810.496 195.666
810.630 188.666
810.763 189.666
810.896 197.667
811.029 188.667
811.162 190.667
811.295 187.668
811.428 199.668
811.560 193.668
811.693 219.669
811.826 195.669
811.959 191.669
812.092 184.670
812.225 204.670
812.357 210.670
812.490 201.671
812.623 212.671
812.755 203.671
812.888 207.672
813.021 215.672
813.153 225.672
813.286 220.673
813.418 248.673
813.551 257.673
813.683 250.674
813.816 240.674
813.948 246.674
814.081 261.675
814.213 266.675
814.346 268.675
814.478 265.676
814.610 273.676
814.742 262.676
814.875 286.676
815.007 293.677
815.139 290.677
815.271 298.677
815.403 305.678
815.536 289.678
815.668 323.678
815.800 314.679
815.932 322.679
816.064 339.679
816.196 331.680
816.328 326.680
816.460 342.680
816.592 351.681
816.724 359.681
816.855 359.681
816.987 354.682
817.119 356.682
817.251 359.682
817.383 394.683
817.514 367.683
817.646 373.683
817.778 384.683
817.909 392.684
818.041 400.684
818.173 418.684
818.304 416.685
818.436 428.685
818.567 429.685
818.699 438.686
818.830 441.686
818.962 451.686
819.093 447.687
819.225 463.687
819.356 467.687
819.487 478.687
819.619 508.688
819.750 494.688
819.881 507.688
820.012 510.689
820.144 523.689
820.275 521.689
820.406 535.690
820.537 556.690
820.668 561.690
820.799 554.690
820.930 577.691
821.061 564.691
821.192 579.691
821.323 603.692
821.454 603.692
821.585 587.692
821.716 636.693
821.847 630.693
821.978 645.693
822.109 642.693
822.240 663.694
822.370 682.694
822.501 680.694
822.632 707.695
822.763 694.695
822.893 725.695
823.024 725.696
823.154 731.696
823.285 750.696
823.416 762.696
823.546 772.697
823.677 783.697
823.807 786.697
823.938 811.698
824.068 833.698
824.199 820.698
824.329 851.698
824.459 856.699
824.590 867.699
824.720 881.699
824.850 899.700
824.980 921.700
825.111 933.700
825.241 936.700
825.371 941.701
825.501 952.701
825.631 979.701
825.761 992.702
825.891 997.702
826.022 1022.702
826.152 1036.702
826.282 1037.703
826.412 1051.703
826.541 1080.703
826.671 1079.704
826.801 1103.704
826.931 1116.704
827.061 1137.704
827.191 1147.705
827.321 1163.705
827.450 1193.705
827.580 1188.706
827.710 1229.706
827.839 1242.706
827.969 1251.706
828.099 1261.707
828.228 1281.707
828.358 1299.707
828.487 1319.708
828.617 1311.708
828.746 1332.708
828.876 1357.708
829.005 1382.709
829.135 1391.709
829.264 1396.709
829.394 1439.709
829.523 1431.710
829.652 1443.710
829.782 1468.710
829.911 1517.711
830.040 1511.711
830.169 1539.711
830.298 1549.711
830.428 1537.712
830.557 1572.712
830.686 1596.712
830.815 1627.712
830.944 1638.713
831.073 1666.713
831.202 1665.713
831.331 1707.714
831.460 1716.714
831.589 1735.714
831.718 1761.714
831.847 1765.715
831.976 1809.715
832.104 1831.715
832.233 1860.715
832.362 1879.716
832.491 1885.716
832.619 1942.716
832.748 1940.716
832.877 1933.717
833.005 1964.717
833.134 1984.717
833.263 2022.718
833.391 2026.718
833.520 2050.718
833.648 2044.718
833.777 2068.719
833.905 2107.719
834.034 2131.719
834.162 2175.719
834.290 2182.720
834.419 2202.720
834.547 2237.720
834.675 2241.720
834.804 2240.721
834.932 2271.721
835.060 2287.721
835.188 2326.721
835.317 2347.722
835.445 2377.722
835.573 2396.722
835.701 2423.722
835.829 2430.723
835.957 2445.723
836.085 2475.723
836.213 2494.723
836.341 2511.724
836.469 2535.724
836.597 2583.724
836.725 2583.725
836.853 2602.725
836.980 2602.725
837.108 2647.725
837.236 2676.726
837.364 2677.726
837.491 2703.726
837.619 2717.726
837.747 2765.727
837.875 2783.727
838.002 2781.727
838.130 2822.727
838.257 2831.728
838.385 2826.728
838.512 2887.728
838.640 2913.728
838.767 2887.729
838.895 2913.729
839.022 2928.729
839.150 2952.729
839.277 2999.730
839.404 3043.730
839.532 3046.730
839.659 3042.730
839.786 3062.730
839.913 3096.731
840.041 3103.731
840.168 3135.731
840.295 3135.731
840.422 3144.732
840.549 3210.732
840.676 3168.732
840.803 3226.732
840.930 3224.733
841.057 3254.733
841.184 3262.733
841.311 3293.733
841.438 3291.734
841.565 3309.734
841.692 3336.734
841.819 3337.734
841.946 3326.735
842.072 3370.735
842.199 3390.735
842.326 3395.735
842.453 3387.736
842.579 3433.736
842.706 3452.736
842.833 3444.736
842.959 3468.737
843.086 3459.737
843.212 3467.737
843.339 3505.737
843.465 3498.737
843.592 3556.738
843.718 3527.738
843.845 3503.738
843.971 3528.738
844.098 3526.739
844.224 3505.739
844.350 3531.739
844.477 3527.739
844.603 3576.740
844.729 3541.740
844.855 3562.740
844.982 3545.740
845.108 3540.741
845.234 3568.741
845.360 3579.741
845.486 3594.741
845.612 3566.741
845.738 3591.742
845.864 3579.742
845.990 3577.742
846.116 3595.742
846.242 3573.743
846.368 3594.743
846.494 3595.743
846.620 3619.743
846.746 3624.744
846.871 3594.744
846.997 3540.744
847.123 3565.744
847.249 3626.744
847.374 3601.745
847.500 3612.745
847.626 3617.745
847.751 3607.745
847.877 3616.746
848.002 3608.746
848.128 3608.746
848.253 3628.746
848.379 3642.746
848.504 3644.747
848.630 3598.747
848.755 3599.747
848.881 3584.747
849.006 3609.748
849.131 3583.748
849.257 3570.748
849.382 3597.748
849.507 3598.748
849.632 3596.749
849.758 3598.749
849.883 3566.749
850.008 3575.749
850.133 3565.750
850.258 3570.750
850.383 3553.750
850.508 3516.750
850.633 3523.750
850.758 3546.751
850.883 3509.751
851.008 3517.751
851.133 3523.751
851.258 3522.752
851.383 3477.752
851.508 3464.752
851.633 3447.752
851.757 3465.752
851.882 3468.753
852.007 3465.753
852.132 3417.753
852.256 3401.753
852.381 3404.753
852.506 3407.754
852.630 3388.754
852.755 3350.754
852.879 3350.754
853.004 3318.755
853.128 3318.755
853.253 3311.755
853.377 3273.755
853.502 3271.755
853.626 3245.756
853.751 3243.756
853.875 3219.756
853.999 3176.756
854.124 3148.756
854.248 3113.757
854.372 3113.757
854.496 3096.757
854.620 3070.757
854.745 3027.758
854.869 3008.758
854.993 3027.758
855.117 2988.758
855.241 2987.758
855.365 2948.759
855.489 2923.759
855.613 2909.759
855.737 2867.759
855.861 2872.759
855.985 2816.760
856.109 2835.760
856.233 2813.760
856.356 2780.760
856.480 2737.760
856.604 2729.761
856.728 2695.761
856.851 2656.761
856.975 2647.761
857.099 2628.761
857.222 2603.762
857.346 2613.762
857.470 2589.762
857.593 2555.762
857.717 2518.763
857.840 2521.763
857.964 2453.763
858.087 2461.763
858.211 2431.763
858.334 2410.764
858.458 2382.764
858.581 2346.764
858.704 2311.764
858.828 2322.764
858.951 2292.765
859.074 2271.765
859.197 2236.765
859.320 2207.765
859.444 2184.765
859.567 2163.766
859.690 2149.766
859.813 2128.766
859.936 2112.766
860.059 2090.766
860.182 2062.767
860.305 2049.767
860.428 2026.767
860.551 1992.767
860.674 1983.767
860.797 1984.768
860.920 1966.768
861.043 1919.768
861.165 1906.768
861.288 1885.768
861.411 1872.769
861.534 1824.769
861.656 1840.769
861.779 1814.769
861.902 1823.769
862.024 1775.769
862.147 1748.770
862.270 1729.770
862.392 1742.770
862.515 1723.770
862.637 1678.770
862.760 1675.771
862.882 1643.771
863.005 1627.771
863.127 1620.771
863.249 1609.771
863.372 1571.772
863.494 1575.772
863.616 1548.772
863.738 1519.772
863.861 1528.772
863.983 1498.773
864.105 1458.773
864.227 1463.773
864.349 1416.773
864.472 1407.773
864.594 1408.774
864.716 1387.774
864.838 1374.774
864.960 1347.774
865.082 1331.774
865.204 1331.774
865.326 1306.775
865.447 1260.775
865.569 1277.775
865.691 1258.775
865.813 1258.775
865.935 1263.776
866.057 1224.776
866.178 1204.776
866.300 1200.776
866.422 1185.776
866.543 1165.777
866.665 1155.777
866.787 1132.777
866.908 1128.777
867.030 1116.777
867.151 1086.777
867.273 1096.778
867.394 1085.778
867.516 1079.778
867.637 1053.778
867.759 1029.778
867.880 1037.779
868.001 1012.779
868.123 1011.779
868.244 962.779
868.365 957.779
868.487 943.779
868.608 947.780
868.729 950.780
868.850 932.780
868.971 903.780
869.092 897.780
869.214 913.781
869.335 869.781
869.456 845.781
869.577 838.781
869.698 830.781
869.819 832.781
869.940 819.782
870.061 814.782
870.181 791.782
870.302 785.782
870.423 747.782
870.544 754.783
870.665 752.783
870.785 757.783
870.906 735.783
871.027 736.783
871.148 704.783
871.268 705.784
871.389 690.784
871.509 698.784
871.630 690.784
871.751 683.784
871.871 680.785
871.992 663.785
872.112 651.785
872.233 632.785
872.353 618.785
872.473 617.785
872.594 606.786
872.714 614.786
872.834 604.786
872.955 585.786
873.075 595.786
873.195 600.786
873.315 571.787
873.436 562.787
873.556 550.787
873.676 567.787
873.796 554.787
873.916 550.787
874.036 517.788
874.156 534.788
874.276 499.788
874.396 516.788
874.516 498.788
874.636 490.789
874.756 485.789
874.876 478.789
874.996 480.789
875.115 473.789
875.235 475.789
875.355 478.790
875.475 457.790
875.594 451.790
875.714 441.790
875.834 447.790
875.953 456.790
876.073 428.791
876.193 421.791
876.312 405.791
876.432 421.791
876.551 414.791
876.671 398.791
876.790 390.792
876.910 372.792
877.029 375.792
877.148 386.792
877.268 375.792
877.387 355.792
877.506 359.793
877.626 363.793
877.745 367.793
877.864 342.793
877.983 329.793
878.102 315.793
878.222 342.794
878.341 318.794
878.460 343.794
878.579 337.794
878.698 320.794
878.817 310.794
878.936 312.795
879.055 278.795
879.174 306.795
879.293 302.795
879.412 295.795
879.530 299.795
879.649 296.796
879.768 292.796
879.887 264.796
880.006 266.796
880.124 260.796
880.243 274.796
880.362 276.797
880.480 264.797
880.599 258.797
880.718 271.797
880.836 252.797
880.955 252.797
881.073 235.797
881.192 228.798
881.310 245.798
881.429 243.798
881.547 231.798
881.665 229.798
881.784 219.798
881.902 213.799
882.021 224.799
882.139 202.799
882.257 221.799
882.375 221.799
882.494 207.799
882.612 203.800
882.730 216.800
882.848 208.800
882.966 173.800
883.084 193.800
883.202 188.800
883.320 178.801
883.438 194.801
883.556 177.801
883.674 175.801
883.792 165.801
883.910 167.801
884.028 176.801
884.146 180.802
884.264 162.802
884.381 160.802
884.499 160.802
884.617 165.802
884.735 158.802
884.852 149.803
884.970 164.803
885.087 164.803
885.205 163.803
885.323 156.803
885.440 144.803
885.558 151.803
885.675 137.804
885.793 139.804
885.910 143.804
886.028 156.804
886.145 128.804
886.262 143.804
886.380 132.805
886.497 138.805
886.614 136.805
886.732 137.805
886.849 134.805
886.966 133.805
887.083 112.805
887.200 114.806
887.318 114.806
887.435 115.806
887.552 130.806
887.669 115.806
887.786 123.806
887.903 109.807
888.020 124.807
888.137 118.807
888.254 117.807
888.371 94.807
888.488 119.807
888.604 110.807
888.721 102.808
888.838 104.808
888.955 109.808
889.072 111.808
889.188 115.808
889.305 79.808
889.422 98.808
889.538 100.809
889.655 108.809
889.772 105.809
889.888 81.809
890.005 79.809
890.121 96.809
890.238 98.809
890.354 81.810
890.471 88.810
890.587 77.810
890.703 79.810
890.820 86.810
890.936 87.810
891.052 97.811
891.169 72.811
891.285 82.811
891.401 90.811
891.517 66.811
891.634 70.811
891.750 69.811
891.866 69.812
891.982 68.812
892.098 62.812
892.214 69.812
892.330 44.812
892.446 67.812
892.562 63.812
892.678 63.813
892.794 69.813
892.910 75.813
893.026 79.813
893.142 91.813
893.257 87.813
893.373 55.813
893.489 60.814
893.605 62.814
893.720 56.814
893.836 62.814
893.952 56.814
894.067 57.814
894.183 52.814
894.298 42.815
894.414 66.815
894.530 56.815
894.645 58.815
894.761 57.815
894.876 55.815
894.991 56.815
895.107 67.816
895.222 65.816
895.338 53.816
895.453 59.816
895.568 55.816
895.683 52.816
895.799 48.816
895.914 52.816
896.029 51.817
896.144 53.817
896.259 37.817
896.374 43.817
896.490 51.817
896.605 39.817
896.720 47.817
896.835 56.818
896.950 48.818
897.065 46.818
897.180 50.818
897.294 39.818
897.409 42.818
897.524 58.818
897.639 50.819
897.754 51.819
897.869 44.819
897.983 41.819
898.098 52.819
898.213 47.819
898.327 45.819
898.442 37.820
898.557 49.820
898.671 46.820
898.786 48.820
898.900 51.820
899.015 47.820
899.129 37.820
899.244 39.820
899.358 39.821
899.473 28.821
899.587 50.821
899.701 48.821
899.816 28.821
899.930 37.821
900.044 47.821
900.159 30.822
900.273 32.822
900.387 31.822
900.501 26.822
900.615 34.822
900.729 39.822
900.844 33.822
900.958 54.822
901.072 48.823
901.186 42.823
901.300 24.823
901.414 28.823
901.528 31.823
901.641 29.823
901.755 43.823
901.869 46.824
901.983 42.824
902.097 25.824
902.211 23.824
902.324 33.824
902.438 23.824
902.552 18.824
902.666 15.824
902.779 27.825
902.893 31.825
903.006 41.825
903.120 37.825
903.234 29.825
903.347 29.825
903.461 31.825
903.574 33.825
903.688 34.826
903.801 38.826
903.914 29.826
904.028 41.826
904.141 25.826
904.254 30.826
904.368 22.826
904.481 19.826
904.594 26.827
904.707 18.827
904.821 29.827
904.934 25.827
905.047 18.827
905.160 25.827
905.273 24.827
905.386 20.828
905.499 21.828
905.612 31.828
905.725 21.828
905.838 30.828
905.951 18.828
906.064 40.828
906.177 34.828
906.290 39.829
906.402 27.829
906.515 39.829
906.628 12.829
906.741 30.829
906.853 33.829
906.966 37.829
907.079 21.829
907.191 25.830
907.304 35.830
907.417 23.830
907.529 29.830
907.642 37.830
907.754 24.830
907.867 30.830
907.979 26.830
908.092 34.831
908.204 21.831
908.316 45.831
908.429 32.831
908.541 18.831
908.653 17.831
908.766 22.831
908.878 19.831
908.990 12.831
909.102 17.832
909.215 27.832
909.327 27.832
909.439 28.832
909.551 21.832
909.663 15.832
909.775 18.832
909.887 25.832
909.999 25.833
910.111 17.833
910.223 23.833
910.335 23.833
910.447 21.833
910.559 14.833
910.670 15.833
910.782 25.833
910.894 16.834
911.006 19.834
911.117 16.834
911.229 24.834
911.341 5.834
911.452 33.834
911.564 17.834
911.676 18.834
911.787 14.835
911.899 23.835
912.010 12.835
912.122 15.835
912.233 6.835
912.345 6.835
912.456 15.835
912.568 19.835
912.679 15.835
912.790 13.836
912.902 28.836
913.013 33.836
913.124 22.836
913.235 12.836
913.347 25.836
913.458 37.836
913.569 16.836
913.680 13.837
913.791 14.837
913.902 27.837
914.013 25.837
914.124 19.837
914.235 1.837
914.346 17.837
914.457 11.837
914.568 32.837
914.679 31.838
914.790 19.838
914.901 19.838
915.012 13.838
915.122 20.838
915.233 25.838
915.344 6.838
915.455 13.838
915.565 18.838
915.676 31.839
915.787 15.839
915.897 14.839
916.008 17.839
916.118 24.839
916.229 25.839
916.339 9.839
916.450 22.839
916.560 1.840
916.671 16.840
916.781 25.840
916.892 46.840
917.002 22.840
917.112 22.840
917.223 32.840
917.333 41.840
917.443 21.840
917.553 15.841
917.663 11.841
917.774 10.841
917.884 24.841
917.994 3.841
918.104 15.841
918.214 18.841
918.324 8.841
918.434 27.841
918.544 15.842
918.654 8.842
918.764 24.842
918.874 18.842
918.984 20.842
919.094 10.842
919.203 23.842
919.313 13.842
919.423 11.842
919.533 11.843
919.643 13.843
919.752 19.843
919.862 4.843
919.972 9.843
920.081 11.843
920.191 9.843
920.300 24.843
920.410 3.843
920.519 10.844
920.629 17.844
920.738 25.844
920.848 23.844
920.957 6.844
921.067 -7.156
921.176 26.844
921.285 12.844
921.395 18.844
921.504 10.845
921.613 16.845
921.722 28.845
921.832 14.845
921.941 7.845
922.050 20.845
922.159 16.845
922.268 14.845
922.377 7.845
922.486 22.846
922.595 31.846
922.704 27.846
922.813 20.846
922.922 15.846
923.031 17.846
923.140 25.846
923.249 35.846
923.358 14.846
923.467 15.846
923.575 13.847
923.684 32.847
923.793 17.847
923.902 15.847
924.010 8.847
924.119 17.847
924.227 19.847
924.336 9.847
924.445 9.847
924.553 14.848
924.662 23.848
924.770 11.848
924.879 10.848
924.987 12.848
925.096 8.848
925.204 6.848
925.312 2.848
925.421 17.848
925.529 10.848
925.637 26.849
925.746 26.849
925.854 10.849
925.962 16.849
926.070 11.849
926.178 19.849
926.287 2.849
926.395 0.849
926.503 3.849
926.611 18.850
926.719 22.850
926.827 14.850
926.935 12.850
927.043 25.850
927.151 17.850
927.259 15.850
927.367 17.850
927.474 19.850
927.582 10.850
927.690 34.851
927.798 17.851
927.906 12.851
928.013 8.851
928.121 21.851
928.229 15.851
928.336 31.851
928.444 10.851
928.551 33.851
928.659 22.851
928.767 12.852
928.874 28.852
928.982 5.852
929.089 -4.148
929.196 11.852
929.304 45.852
929.411 26.852
929.519 14.852
929.626 27.852
929.733 -1.148
929.841 24.853
929.948 9.853
930.055 5.853
930.162 27.853
930.269 -3.147
930.377 24.853
930.484 17.853
930.591 28.853
930.698 7.853
930.805 7.853
930.912 6.854
931.019 5.854
931.126 19.854
931.233 21.854
931.340 11.854
931.447 14.854
931.554 12.854
931.660 16.854
931.767 14.854
931.874 34.854
931.981 29.855
932.087 11.855
932.194 12.855
932.301 15.855
932.407 17.855
932.514 11.855
932.621 16.855
932.727 17.855
932.834 23.855
932.940 41.855
933.047 18.856
933.153 20.856
933.260 11.856
933.366 19.856
933.473 18.856
933.579 25.856
933.685 5.856
933.792 -0.144
933.898 4.856
934.004 16.856
934.110 32.857
934.217 27.857
934.323 21.857
934.429 20.857
934.535 15.857
934.641 11.857
934.747 19.857
934.853 16.857
934.959 7.857
935.065 21.857
935.171 11.857
935.277 13.858
935.383 22.858
935.489 19.858
935.595 5.858
935.701 19.858
935.807 22.858
935.913 31.858
936.018 10.858
936.124 21.858
936.230 18.858
936.335 8.859
936.441 5.859
936.547 5.859
936.652 18.859
936.758 21.859
936.864 20.859
936.969 19.859
937.075 9.859
937.180 6.859
937.286 6.859
937.391 24.859
937.496 18.860
937.602 22.860
937.707 24.860
937.812 3.860
937.918 12.860
938.023 16.860
938.128 23.860
938.233 12.860
938.339 7.860
938.444 9.860
938.549 22.860
938.654 21.861
938.759 10.861
938.864 24.861
938.969 18.861
939.074 21.861
939.179 19.861
939.284 19.861
939.389 15.861
939.494 26.861
939.599 33.861
939.704 16.861
939.809 22.862
939.914 -3.138
940.018 6.862
940.123 39.862
940.228 20.862
940.333 12.862
940.437 11.862
940.542 19.862
940.646 8.862
940.751 16.862
940.856 12.862
940.960 11.863
941.065 19.863
941.169 0.863
941.274 4.863
941.378 12.863
941.483 9.863
941.587 19.863
941.691 29.863
941.796 11.863
941.900 10.863
942.004 3.863
942.109 25.864
942.213 14.864
942.317 21.864
942.421 5.864
942.525 18.864
942.629 14.864
942.734 24.864
942.838 16.864
942.942 13.864
943.046 16.864
943.150 23.864
943.254 14.865
943.358 9.865
943.462 17.865
943.565 11.865
943.669 13.865
943.773 42.865
943.877 29.865
943.981 5.865
944.085 19.865
944.188 21.865
944.292 17.865
944.396 29.866
944.499 22.866
944.603 24.866
944.707 26.866
944.810 22.866
944.914 -8.134
945.017 13.866
945.121 3.866
945.224 6.866
945.328 3.866
945.431 11.866
945.535 26.866
945.638 20.867
945.741 27.867
945.845 12.867
945.948 10.867
946.051 9.867
946.154 12.867
946.258 19.867
946.361 17.867
946.464 15.867
946.567 12.867
946.670 16.867
946.773 10.868
946.876 22.868
946.979 28.868
947.082 26.868
947.185 28.868
947.288 25.868
947.391 17.868
947.494 26.868
947.597 19.868
947.700 17.868
947.803 19.868
947.906 12.868
948.008 15.869
948.111 31.869
948.214 22.869
948.317 18.869
948.419 23.869
948.522 23.869
948.625 -0.131
948.727 12.869
948.830 18.869
948.932 18.869
949.035 10.869
949.137 25.869
949.240 13.870
949.342 4.870
949.445 5.870
949.547 40.870
949.649 21.870
949.752 16.870
949.854 6.870
949.956 19.870
950.059 25.870
950.161 27.870
950.263 29.870
950.365 6.870
950.467 7.871
950.569 13.871
950.672 23.871
950.774 27.871
950.876 23.871
950.978 9.871
951.080 19.871
951.182 20.871
951.284 19.871
951.386 21.871
951.487 2.871
951.589 23.871
951.691 26.872
951.793 26.872
951.895 25.872
951.997 14.872
952.098 9.872
952.200 15.872
952.302 15.872
952.403 33.872
952.505 19.872
952.607 6.872
952.708 18.872
952.810 17.872
952.911 15.873
953.013 21.873
953.114 16.873
953.216 20.873
953.317 22.873
953.418 19.873
953.520 6.873
953.621 5.873
953.723 13.873
953.824 28.873
953.925 24.873
954.026 -3.127
954.128 3.873
954.229 11.874
954.330 1.874
954.431 15.874
954.532 32.874
954.633 22.874
954.734 6.874
954.835 14.874
954.936 4.874
955.037 12.874
955.138 11.874
955.239 17.874
955.340 25.874
955.441 27.875
955.542 31.875
955.643 23.875
955.744 1.875
955.844 16.875
955.945 15.875
956.046 13.875
956.146 17.875
956.247 16.875
956.348 1.875
956.448 23.875
956.549 23.875
956.650 3.875
956.750 7.876
956.851 15.876
956.951 15.876
957.052 16.876
957.152 17.876
957.252 25.876
957.353 19.876
957.453 37.876
957.553 24.876
957.654 25.876
957.754 9.876
957.854 23.876
957.955 12.876
958.055 14.877
958.155 26.877
958.255 24.877
958.355 27.877
958.455 20.877
958.555 19.877
958.655 17.877
958.755 9.877
958.855 23.877
958.955 15.877
959.055 23.877
959.155 28.877
959.255 21.877
959.355 9.878
959.455 12.878
959.555 16.878
959.654 13.878
959.754 23.878
959.854 20.878
959.954 19.878
960.053 31.878
960.153 22.878
960.253 19.878
960.352 8.878
960.452 32.878
960.551 22.878
960.651 2.879
960.750 19.879
960.850 8.879
960.949 34.879
961.049 36.879
961.148 22.879
961.248 17.879
961.347 18.879
961.446 27.879
961.545 9.879
961.645 21.879
961.744 5.879
961.843 24.879
961.942 16.879
962.042 32.880
962.141 27.880
962.240 28.880
962.339 5.880
962.438 10.880
962.537 34.880
962.636 12.880
962.735 -2.120
962.834 -4.120
962.933 18.880
963.032 28.880
963.131 18.880
963.229 23.880
963.328 22.881
963.427 17.881
963.526 9.881
963.625 15.881
963.723 20.881
963.822 7.881
963.921 25.881
964.019 12.881
964.118 14.881
964.217 22.881
964.315 -4.119
964.414 7.881
964.512 20.881
964.611 1.881
964.709 9.882
964.808 6.882
964.906 22.882
965.004 5.882
965.103 5.882
965.201 10.882
965.299 11.882
965.398 5.882
965.496 4.882
965.594 18.882
965.692 21.882
965.790 25.882
965.889 10.882
965.987 14.882
966.085 8.883
966.183 18.883
966.281 13.883
966.379 12.883
966.477 0.883
966.575 7.883
966.673 19.883
966.771 9.883
966.869 37.883
966.966 17.883
967.064 20.883
967.162 23.883
967.260 16.883
967.358 16.883
967.455 18.884
967.553 24.884
967.651 19.884
967.748 25.884
967.846 31.884
967.944 10.884
968.041 14.884
968.139 23.884
968.236 10.884
968.334 14.884
968.431 18.884
968.529 13.884
968.626 27.884
968.724 27.884
968.821 5.885
968.918 1.885
969.016 14.885
969.113 18.885
969.210 9.885
969.307 14.885
969.405 18.885
969.502 11.885
969.599 23.885
969.696 15.885
969.793 5.885
969.890 15.885
969.987 12.885
970.084 5.885
970.181 2.886
970.278 13.886
970.375 5.886
970.472 9.886
970.569 13.886
970.666 16.886
970.763 14.886
970.860 9.886
970.956 23.886
971.053 0.886
971.150 27.886
971.247 36.886
971.343 20.886
971.440 14.886
971.537 17.886
971.633 2.887
971.730 14.887
971.826 26.887
971.923 17.887
972.019 22.887
972.116 26.887
972.212 23.887
972.309 21.887
972.405 9.887
972.502 8.887
972.598 14.887
972.694 10.887
972.791 14.887
972.887 19.887
972.983 21.887
973.079 14.888
973.176 17.888
973.272 2.888
973.368 14.888
973.464 17.888
973.560 23.888
973.656 20.888
973.752 22.888
973.848 22.888
973.944 19.888
974.040 21.888
974.136 21.888
974.232 24.888
974.328 4.888
974.424 15.888
974.520 21.889
974.615 33.889
974.711 23.889
974.807 15.889
974.903 27.889
974.998 21.889
975.094 23.889
975.190 18.889
975.285 31.889
975.381 24.889
975.476 10.889
975.572 13.889
975.667 18.889
975.763 2.889
975.858 20.889
975.954 23.890
976.049 18.890
976.145 17.890
976.240 26.890
976.335 23.890
976.431 21.890
976.526 4.890
976.621 26.890
976.716 34.890
976.812 29.890
976.907 13.890
977.002 25.890
977.097 22.890
977.192 25.890
977.287 12.890
977.382 34.891
977.477 44.891
977.572 23.891
977.667 11.891
977.762 15.891
977.857 14.891
977.952 14.891
978.047 15.891
978.142 28.891
978.237 2.891
978.331 8.891
978.426 26.891
978.521 12.891
978.616 29.891
978.710 21.891
978.805 30.891
978.900 17.892
978.994 31.892
979.089 22.892
979.183 20.892
979.278 29.892
979.372 28.892
979.467 10.892
979.561 8.892
979.656 33.892
979.750 24.892
979.845 18.892
979.939 25.892
980.033 24.892
980.128 20.892
980.222 17.892
980.316 4.892
980.410 25.893
980.504 27.893
980.599 4.893
980.693 29.893
980.787 11.893
980.881 19.893
980.975 6.893
981.069 26.893
981.163 20.893
981.257 24.893
981.351 34.893
981.445 23.893
981.539 16.893
981.633 24.893
981.727 29.893
981.820 3.893
981.914 30.894
982.008 32.894
982.102 26.894
982.196 19.894
982.289 26.894
982.383 10.894
982.477 14.894
982.570 29.894
982.664 34.894
982.757 29.894
982.851 20.894
982.944 4.894
983.038 31.894
983.131 29.894
983.225 19.894
983.318 37.894
983.412 29.895
983.505 13.895
983.598 24.895
983.692 22.895
983.785 26.895
983.878 6.895
983.971 36.895
984.065 30.895
984.158 39.895
984.251 24.895
984.344 45.895
984.437 38.895
984.530 29.895
984.623 10.895
984.716 26.895
984.809 21.895
984.902 41.895
984.995 24.896
985.088 29.896
985.181 22.896
985.274 27.896
985.367 8.896
985.459 24.896
985.552 29.896
985.645 27.896
985.738 31.896
985.830 20.896
985.923 24.896
986.016 21.896
986.108 39.896
986.201 42.896
986.294 29.896
986.386 37.896
986.479 31.897
986.571 26.897
986.664 35.897
986.756 36.897
986.849 23.897
986.941 37.897
987.033 39.897
987.126 24.897
987.218 33.897
987.310 27.897
987.403 18.897
987.495 26.897
987.587 31.897
987.679 34.897
987.771 26.897
987.864 45.897
987.956 37.897
988.048 22.898
988.140 25.898
988.232 42.898
988.324 28.898
988.416 29.898
988.508 35.898
988.600 20.898
988.692 41.898
988.783 27.898
988.875 34.898
988.967 27.898
989.059 34.898
989.151 36.898
989.242 25.898
989.334 29.898
989.426 26.898
989.518 44.898
989.609 39.898
989.701 49.899
989.792 38.899
989.884 36.899
989.975 46.899
990.067 40.899
990.158 30.899
990.250 39.899
990.341 60.899
990.433 32.899
990.524 26.899
990.616 41.899
990.707 20.899
990.798 39.899
990.889 53.899
990.981 40.899
991.072 48.899
991.163 36.899
991.254 51.900
991.345 34.900
991.437 36.900
991.528 32.900
991.619 50.900
991.710 43.900
991.801 25.900
991.892 44.900
991.983 54.900
992.074 43.900
992.165 47.900
992.255 25.900
992.346 46.900
992.437 24.900
992.528 38.900
992.619 48.900
992.710 45.900
992.800 50.900
992.891 53.901
992.982 53.901
993.072 52.901
993.163 62.901
993.254 42.901
993.344 51.901
993.435 56.901
993.525 42.901
993.616 51.901
993.706 37.901
993.797 52.901
993.887 58.901
993.977 55.901
994.068 51.901
994.158 73.901
994.248 53.901
994.339 46.901
994.429 44.901
994.519 41.902
994.609 41.902
994.700 49.902
994.790 49.902
994.880 55.902
994.970 60.902
995.060 41.902
995.150 49.902
995.240 49.902
995.330 59.902
995.420 48.902
995.510 49.902
995.600 70.902
995.690 60.902
995.780 55.902
995.870 67.902
995.960 67.902
996.049 51.902
996.139 63.903
996.229 77.903
996.319 51.903
996.408 57.903
996.498 62.903
996.588 54.903
996.677 58.903
996.767 67.903
996.856 62.903
996.946 55.903
997.035 61.903
997.125 60.903
997.214 61.903
997.304 75.903
997.393 58.903
997.483 48.903
997.572 52.903
997.661 58.903
997.750 61.903
997.840 67.904
997.929 65.904
998.018 64.904
998.107 74.904
998.197 65.904
998.286 69.904
998.375 66.904
998.464 47.904
998.553 51.904
998.642 51.904
998.731 54.904
998.820 52.904
998.909 59.904
998.998 59.904
999.087 54.904
999.176 65.904
999.265 63.904
999.353 55.904
999.442 66.904
999.531 56.905
999.620 72.905
999.709 68.905
999.797 78.905
999.886 73.905
999.975 67.905
1000.063 55.905
1000.152 66.905
1000.240 64.905
1000.329 73.905
1000.417 70.905
1000.506 83.905
1000.594 75.905
1000.683 78.905
1000.771 68.905
1000.860 72.905
1000.948 76.905
1001.036 83.905
1001.125 76.905
1001.213 93.906
1001.301 78.906
1001.389 74.906
1001.478 69.906
1001.566 94.906
1001.654 74.906
1001.742 71.906
1001.830 60.906
1001.918 62.906
1002.006 83.906
1002.094 60.906
1002.182 60.906
1002.270 79.906
1002.358 73.906
1002.446 86.906
1002.534 79.906
1002.622 81.906
1002.710 70.906
1002.798 70.906
1002.885 77.907
1002.973 79.907
1003.061 78.907
1003.149 93.907
1003.236 84.907
1003.324 70.907
1003.412 75.907
1003.499 83.907
1003.587 84.907
1003.674 83.907
1003.762 72.907
1003.849 83.907
1003.937 74.907
1004.024 80.907
1004.112 79.907
1004.199 63.907
1004.287 90.907
1004.374 68.907
1004.461 71.907
1004.549 74.907
1004.636 76.908
1004.723 77.908
1004.810 92.908
1004.898 97.908
1004.985 76.908
1005.072 81.908
1005.159 87.908
1005.246 97.908
1005.333 94.908
1005.420 100.908
1005.507 86.908
1005.594 82.908
1005.681 70.908
1005.768 86.908
1005.855 74.908
1005.942 104.908
1006.029 93.908
1006.115 77.908
1006.202 86.908
1006.289 97.908
1006.376 91.909
1006.463 81.909
1006.549 79.909
1006.636 76.909
1006.723 94.909
1006.809 83.909
1006.896 87.909
1006.982 79.909
1007.069 89.909
1007.155 82.909
1007.242 101.909
1007.328 94.909
1007.415 72.909
1007.501 89.909
1007.588 89.909
1007.674 89.909
1007.760 92.909
1007.847 100.909
1007.933 88.909
1008.019 98.909
1008.105 87.909
1008.192 92.910
1008.278 101.910
1008.364 73.910
1008.450 93.910
1008.536 88.910
1008.622 82.910
1008.708 89.910
1008.794 75.910
1008.880 81.910
1008.966 96.910
1009.052 97.910
1009.138 99.910
1009.224 101.910
1009.310 88.910
1009.396 83.910
1009.482 91.910
1009.567 94.910
1009.653 91.910
1009.739 80.910
1009.825 100.910
1009.910 94.911
1009.996 85.911
1010.082 98.911
1010.167 91.911
1010.253 94.911
1010.338 95.911
1010.424 104.911
1010.509 101.911
1010.595 97.911
1010.680 89.911
1010.766 88.911
1010.851 108.911
1010.936 97.911
1011.022 106.911
1011.107 87.911
1011.192 95.911
1011.278 95.911
1011.363 87.911
1011.448 105.911
1011.533 104.911
1011.618 95.911
1011.704 87.912
1011.789 87.912
1011.874 97.912
1011.959 114.912
1012.044 88.912
1012.129 117.912
1012.214 90.912
1012.299 86.912
1012.384 99.912
1012.469 96.912
1012.554 110.912
1012.638 95.912
1012.723 99.912
1012.808 95.912
1012.893 102.912
1012.978 104.912
1013.062 87.912
1013.147 80.912
1013.232 81.912
1013.316 97.912
1013.401 95.912
1013.485 97.912
1013.570 88.913
1013.655 90.913
1013.739 78.913
1013.824 86.913
1013.908 108.913
1013.992 89.913
1014.077 93.913
1014.161 86.913
1014.246 111.913
1014.330 89.913
1014.414 83.913
1014.499 96.913
1014.583 94.913
1014.667 89.913
1014.751 95.913
1014.835 105.913
1014.920 97.913
1015.004 91.913
1015.088 90.913
1015.172 101.913
1015.256 103.913
1015.340 96.913
1015.424 84.914
1015.508 106.914
1015.592 85.914
1015.676 84.914
1015.760 89.914
1015.843 84.914
1015.927 85.914
1016.011 93.914
1016.095 98.914
1016.179 82.914
1016.262 89.914
1016.346 93.914
1016.430 91.914
1016.513 92.914
1016.597 89.914
1016.681 94.914
1016.764 101.914
1016.848 96.914
1016.931 91.914
1017.015 104.914
1017.098 95.914
1017.182 92.914
1017.265 104.915
1017.349 99.915
1017.432 91.915
1017.515 62.915
1017.599 8.915
