345.82	1443.82
346.03	1443.82
346.25	1443.82
346.46	1335.28
346.68	1409.00
346.89	1562.60
347.11	1546.22
347.32	1480.68
347.54	1609.70
347.75	1492.97
347.97	1560.55
348.18	1497.07
348.39	1591.27
348.61	1495.02
348.82	1525.74
349.04	1552.36
349.25	1656.81
349.47	1523.69
349.68	1566.70
349.90	1538.02
350.11	1519.59
350.33	1558.50
350.54	1568.74
350.75	1499.11
350.97	1531.88
351.18	1538.02
351.40	1482.73
351.61	1515.50
351.83	1568.74
352.04	1519.59
352.26	1497.07
352.47	1484.78
352.68	1445.87
352.90	1589.22
353.11	1529.83
353.33	1675.24
353.54	1486.83
353.76	1562.60
353.97	1564.65
354.18	1513.45
354.40	1486.83
354.61	1632.23
354.83	1566.70
355.04	1515.50
355.26	1474.54
355.47	1599.46
355.68	1656.81
355.90	1630.18
356.11	1505.26
356.33	1470.44
356.54	1540.07
356.75	1556.46
356.97	1538.02
357.18	1542.12
357.40	1642.47
357.61	1495.02
357.83	1540.07
358.04	1503.21
358.25	1568.74
358.47	1548.26
358.68	1511.40
358.90	1501.16
359.11	1585.13
359.32	1570.79
359.54	1603.56
359.75	1521.64
359.97	1521.64
360.18	1552.36
360.39	1613.80
360.61	1533.93
360.82	1609.70
361.03	1570.79
361.25	1548.26
361.46	1617.90
361.68	1476.59
361.89	1558.50
362.10	1597.42
362.32	1558.50
362.53	1593.32
362.75	1603.56
362.96	1535.98
363.17	1576.94
363.39	1492.97
363.60	1595.37
363.81	1587.18
364.03	1599.46
364.24	1591.27
364.46	1550.31
364.67	1542.12
364.88	1591.27
365.10	1587.18
365.31	1560.55
365.52	1581.03
365.74	1562.60
365.95	1495.02
366.16	1533.93
366.38	1660.90
366.59	1605.61
366.81	1597.42
367.02	1593.32
367.23	1544.17
367.45	1566.70
367.66	1593.32
367.87	1542.12
368.09	1613.80
368.30	1535.98
368.51	1538.02
368.73	1556.46
368.94	1546.22
369.15	1576.94
369.37	1568.74
369.58	1552.36
369.79	1595.37
370.01	1605.61
370.22	1497.07
370.43	1533.93
370.65	1572.84
370.86	1535.98
371.07	1581.03
371.29	1558.50
371.50	1619.94
371.71	1462.25
371.93	1527.78
372.14	1628.14
372.35	1560.55
372.57	1535.98
372.78	1523.69
372.99	1642.47
373.21	1527.78
373.42	1533.93
373.63	1617.90
373.85	1521.64
374.06	1677.29
374.27	1568.74
374.49	1525.74
374.70	1619.94
374.91	1626.09
375.13	1546.22
375.34	1611.75
375.55	1533.93
375.76	1535.98
375.98	1478.63
376.19	1513.45
376.40	1601.51
376.62	1550.31
376.83	1552.36
377.04	1515.50
377.26	1601.51
377.47	1568.74
377.68	1572.84
377.89	1515.50
378.11	1607.66
378.32	1544.17
378.53	1486.83
378.75	1628.14
378.96	1564.65
379.17	1599.46
379.38	1531.88
379.60	1574.89
379.81	1621.99
380.02	1527.78
380.24	1519.59
380.45	1482.73
380.66	1538.02
380.87	1533.93
381.09	1548.26
381.30	1630.18
381.51	1542.12
381.72	1560.55
381.94	1626.09
382.15	1576.94
382.36	1560.55
382.58	1499.11
382.79	1550.31
383.00	1593.32
383.21	1558.50
383.43	1603.56
383.64	1572.84
383.85	1503.21
384.06	1519.59
384.28	1546.22
384.49	1505.26
384.70	1495.02
384.91	1550.31
385.13	1691.62
385.34	1589.22
385.55	1626.09
385.76	1523.69
385.98	1478.63
386.19	1521.64
386.40	1562.60
386.61	1548.26
386.83	1550.31
387.04	1523.69
387.25	1517.54
387.46	1646.57
387.68	1521.64
387.89	1546.22
388.10	1585.13
388.31	1560.55
388.53	1507.30
388.74	1601.51
388.95	1568.74
389.16	1587.18
389.37	1560.55
389.59	1638.38
389.80	1617.90
390.01	1607.66
390.22	1511.40
390.44	1689.57
390.65	1503.21
390.86	1658.85
391.07	1589.22
391.28	1521.64
391.50	1525.74
391.71	1591.27
391.92	1507.30
392.13	1548.26
392.34	1515.50
392.56	1495.02
392.77	1597.42
392.98	1587.18
393.19	1538.02
393.40	1548.26
393.62	1552.36
393.83	1560.55
394.04	1593.32
394.25	1495.02
394.46	1574.89
394.68	1576.94
394.89	1521.64
395.10	1548.26
395.31	1548.26
395.52	1552.36
395.74	1564.65
395.95	1621.99
396.16	1556.46
396.37	1568.74
396.58	1538.02
396.80	1560.55
397.01	1595.37
397.22	1507.30
397.43	1544.17
397.64	1562.60
397.85	1515.50
398.07	1505.26
398.28	1503.21
398.49	1552.36
398.70	1591.27
398.91	1572.84
399.13	1529.83
399.34	1636.33
399.55	1478.63
399.76	1562.60
399.97	1546.22
400.18	1562.60
400.40	1583.08
400.61	1589.22
400.82	1501.16
401.03	1527.78
401.24	1568.74
401.45	1581.03
401.66	1548.26
401.88	1628.14
402.09	1484.78
402.30	1609.70
402.51	1540.07
402.72	1538.02
402.93	1515.50
403.15	1525.74
403.36	1523.69
403.57	1611.75
403.78	1480.68
403.99	1552.36
404.20	1527.78
404.41	1636.33
404.62	1517.54
404.84	1538.02
405.05	1505.26
405.26	1509.35
405.47	1595.37
405.68	1578.98
405.89	1566.70
406.10	1630.18
406.32	1617.90
406.53	1550.31
406.74	1529.83
406.95	1544.17
407.16	1617.90
407.37	1589.22
407.58	1515.50
407.79	1568.74
408.01	1447.91
408.22	1503.21
408.43	1591.27
408.64	1562.60
408.85	1576.94
409.06	1574.89
409.27	1619.94
409.48	1593.32
409.69	1599.46
409.91	1585.13
410.12	1568.74
410.33	1548.26
410.54	1552.36
410.75	1511.40
410.96	1558.50
411.17	1585.13
411.38	1630.18
411.59	1562.60
411.80	1578.98
412.02	1564.65
412.23	1560.55
412.44	1583.08
412.65	1574.89
412.86	1607.66
413.07	1548.26
413.28	1603.56
413.49	1484.78
413.70	1581.03
413.91	1535.98
414.12	1576.94
414.33	1495.02
414.55	1478.63
414.76	1621.99
414.97	1525.74
415.18	1564.65
415.39	1669.09
415.60	1535.98
415.81	1595.37
416.02	1593.32
416.23	1630.18
416.44	1560.55
416.65	1615.85
416.86	1546.22
417.07	1587.18
417.28	1601.51
417.49	1595.37
417.71	1515.50
417.92	1583.08
418.13	1877.99
418.34	1556.46
418.55	1552.36
418.76	1570.79
418.97	1660.90
419.18	1560.55
419.39	1546.22
419.60	1576.94
419.81	1548.26
420.02	1562.60
420.23	1564.65
420.44	1562.60
420.65	1552.36
420.86	1572.84
421.07	1544.17
421.28	1540.07
421.49	1572.84
421.70	1544.17
421.91	1597.42
422.13	1505.26
422.34	1458.15
422.55	1595.37
422.76	1589.22
422.97	1572.84
423.18	1531.88
423.39	1542.12
423.60	1554.41
423.81	1558.50
424.02	1527.78
424.23	1646.57
424.44	1581.03
424.65	1482.73
424.86	1560.55
425.07	1519.59
425.28	1519.59
425.49	1578.98
425.70	1507.30
425.91	1667.05
426.12	1529.83
426.33	1638.38
426.54	1499.11
426.75	1542.12
426.96	1585.13
427.17	1490.92
427.38	1519.59
427.59	1599.46
427.80	1501.16
428.01	1527.78
428.22	1574.89
428.43	1589.22
428.64	1517.54
428.85	1507.30
429.06	1535.98
429.27	1542.12
429.48	1570.79
429.69	1621.99
429.90	1544.17
430.11	1648.61
430.32	1531.88
430.53	1613.80
430.74	1628.14
430.95	1556.46
431.16	1654.76
431.37	1568.74
431.58	1613.80
431.79	1552.36
432.00	1552.36
432.21	1529.83
432.42	1552.36
432.63	1515.50
432.84	1658.85
433.04	1572.84
433.25	1585.13
433.46	1515.50
433.67	1624.04
433.88	1611.75
434.09	1576.94
434.30	1540.07
434.51	1621.99
434.72	1626.09
434.93	1566.70
435.14	1611.75
435.35	1560.55
435.56	1570.79
435.77	1650.66
435.98	1535.98
436.19	1583.08
436.40	1566.70
436.61	1523.69
436.82	1593.32
437.03	1601.51
437.24	1566.70
437.44	1611.75
437.65	1562.60
437.86	1585.13
438.07	1583.08
438.28	1538.02
438.49	1488.87
438.70	1513.45
438.91	1546.22
439.12	1572.84
439.33	1548.26
439.54	1621.99
439.75	1542.12
439.96	1509.35
440.17	1525.74
440.38	1529.83
440.58	1589.22
440.79	1462.25
441.00	1648.61
441.21	1568.74
441.42	1519.59
441.63	1601.51
441.84	1574.89
442.05	1560.55
442.26	1529.83
442.47	1574.89
442.68	1589.22
442.88	1601.51
443.09	1466.35
443.30	1525.74
443.51	1538.02
443.72	1560.55
443.93	1607.66
444.14	1581.03
444.35	1552.36
444.56	1548.26
444.77	1546.22
444.97	1552.36
445.18	1611.75
445.39	1542.12
445.60	1529.83
445.81	1460.20
446.02	1601.51
446.23	1542.12
446.44	1525.74
446.65	1564.65
446.85	1564.65
447.06	1529.83
447.27	1548.26
447.48	1597.42
447.69	1572.84
447.90	1517.54
448.11	1607.66
448.32	1548.26
448.52	1527.78
448.73	1597.42
448.94	1560.55
449.15	1652.71
449.36	1546.22
449.57	1785.83
449.78	1527.78
449.99	1476.59
450.19	1617.90
450.40	1681.38
450.61	1546.22
450.82	1503.21
451.03	1529.83
451.24	1533.93
451.45	1632.23
451.65	1587.18
451.86	1550.31
452.07	1499.11
452.28	1521.64
452.49	1603.56
452.70	1566.70
452.91	1665.00
453.11	1519.59
453.32	1583.08
453.53	1665.00
453.74	1617.90
453.95	1605.61
454.16	1581.03
454.36	1521.64
454.57	1542.12
454.78	1495.02
454.99	1497.07
455.20	1548.26
455.41	1527.78
455.61	1540.07
455.82	1572.84
456.03	1585.13
456.24	1605.61
456.45	1568.74
456.65	1669.09
456.86	1454.06
457.07	1503.21
457.28	1515.50
457.49	1593.32
457.70	1525.74
457.90	1585.13
458.11	1566.70
458.32	1535.98
458.53	1656.81
458.74	1591.27
458.94	1542.12
459.15	1591.27
459.36	1562.60
459.57	1554.41
459.78	1513.45
459.98	1499.11
460.19	1581.03
460.40	1503.21
460.61	1617.90
460.82	1576.94
461.02	1583.08
461.23	1519.59
461.44	1591.27
461.65	1593.32
461.86	1613.80
462.06	1611.75
462.27	1554.41
462.48	1587.18
462.69	1603.56
462.90	1519.59
463.10	1466.35
463.31	1626.09
463.52	1458.15
463.73	1497.07
463.93	1568.74
464.14	1570.79
464.35	1503.21
464.56	1513.45
464.77	1562.60
464.97	1572.84
465.18	1523.69
465.39	1599.46
465.60	1472.49
465.80	1544.17
466.01	1552.36
466.22	1527.78
466.43	1574.89
466.63	1568.74
466.84	1615.85
467.05	1603.56
467.26	1464.30
467.46	1576.94
467.67	1511.40
467.88	1503.21
468.09	1538.02
468.29	1572.84
468.50	1529.83
468.71	1548.26
468.92	1556.46
469.12	1552.36
469.33	1578.98
469.54	1554.41
469.75	1511.40
469.95	1568.74
470.16	1560.55
470.37	1636.33
470.58	1578.98
470.78	1585.13
470.99	1556.46
471.20	1462.25
471.41	1568.74
471.61	1585.13
471.82	1585.13
472.03	1505.26
472.23	1628.14
472.44	1495.02
472.65	1585.13
472.86	1535.98
473.06	1476.59
473.27	1538.02
473.48	1521.64
473.68	1576.94
473.89	1550.31
474.10	1609.70
474.31	1556.46
474.51	1497.07
474.72	1648.61
474.93	1605.61
475.13	1544.17
475.34	1503.21
475.55	1495.02
475.76	1605.61
475.96	1640.42
476.17	1458.15
476.38	1474.54
476.58	1646.57
476.79	1564.65
477.00	1548.26
477.20	1531.88
477.41	1628.14
477.62	1599.46
477.83	1474.54
478.03	1566.70
478.24	1699.81
478.45	1619.94
478.65	1593.32
478.86	1570.79
479.07	1515.50
479.27	1572.84
479.48	1611.75
479.69	1572.84
479.89	1478.63
480.10	1634.28
480.31	1544.17
480.51	1497.07
480.72	1638.38
480.93	1497.07
481.13	1509.35
481.34	1615.85
481.55	1552.36
481.75	1548.26
481.96	1550.31
482.17	1597.42
482.37	1552.36
482.58	1445.87
482.79	1595.37
482.99	1523.69
483.20	1529.83
483.41	1587.18
483.61	1583.08
483.82	1513.45
484.03	1621.99
484.23	1476.59
484.44	1597.42
484.65	1613.80
484.85	1613.80
485.06	1535.98
485.26	1558.50
485.47	1525.74
485.68	1611.75
485.88	1525.74
486.09	1564.65
486.30	1615.85
486.50	1552.36
486.71	1568.74
486.92	1591.27
487.12	1560.55
487.33	1503.21
487.53	1595.37
487.74	1503.21
487.95	1478.63
488.15	1636.33
488.36	1546.22
488.57	1456.11
488.77	1490.92
488.98	1615.85
489.18	1488.87
489.39	1562.60
489.60	1523.69
489.80	1589.22
490.01	1546.22
490.21	1574.89
490.42	1505.26
490.63	1587.18
490.83	1535.98
491.04	1562.60
491.24	1591.27
491.45	1540.07
491.66	1593.32
491.86	1562.60
492.07	1585.13
492.27	1542.12
492.48	1482.73
492.69	1476.59
492.89	1509.35
493.10	1603.56
493.30	1486.83
493.51	1509.35
493.72	1589.22
493.92	1492.97
494.13	1531.88
494.33	1587.18
494.54	1572.84
494.75	1554.41
494.95	1507.30
495.16	1558.50
495.36	1595.37
495.57	1533.93
495.77	1562.60
495.98	1556.46
496.19	1572.84
496.39	1550.31
496.60	1449.96
496.80	1525.74
497.01	1556.46
497.21	1560.55
497.42	1505.26
497.63	1554.41
497.83	1578.98
498.04	1535.98
498.24	1583.08
498.45	1597.42
498.65	1548.26
498.86	1587.18
499.06	1691.62
499.27	1484.78
499.48	1540.07
499.68	1593.32
499.89	1538.02
500.09	1507.30
500.30	1562.60
500.50	1570.79
500.71	1566.70
500.91	1517.54
501.12	1558.50
501.32	1505.26
501.53	1589.22
501.74	1585.13
501.94	1542.12
502.15	1521.64
502.35	1603.56
502.56	1464.30
502.76	1503.21
502.97	1507.30
503.17	1535.98
503.38	1626.09
503.58	1609.70
503.79	1609.70
503.99	1607.66
504.20	1568.74
504.40	1568.74
504.61	1613.80
504.81	1558.50
505.02	1499.11
505.22	1511.40
505.43	1599.46
505.63	1525.74
505.84	1607.66
506.04	1525.74
506.25	1531.88
506.45	1503.21
506.66	1482.73
506.86	1570.79
507.07	1540.07
507.27	1632.23
507.48	1568.74
507.68	1570.79
507.89	1519.59
508.09	1593.32
508.30	1578.98
508.50	1566.70
508.71	1560.55
508.91	1523.69
509.12	1495.02
509.32	1634.28
509.53	1568.74
509.73	1495.02
509.94	1480.68
510.14	1482.73
510.35	1562.60
510.55	1519.59
510.76	1452.01
510.96	1552.36
511.17	1558.50
511.37	1570.79
511.58	1644.52
511.78	1527.78
511.99	1548.26
512.19	1488.87
512.40	1638.38
512.60	1619.94
512.80	1538.02
513.01	1474.54
513.21	1531.88
513.42	1548.26
513.62	1456.11
513.83	1560.55
514.03	1568.74
514.24	1570.79
514.44	1576.94
514.65	1501.16
514.85	1581.03
515.05	1591.27
515.26	1552.36
515.46	1550.31
515.67	1650.66
515.87	1558.50
516.08	1546.22
516.28	1560.55
516.49	1564.65
516.69	1558.50
516.89	1535.98
517.10	1552.36
517.30	1499.11
517.51	1558.50
517.71	1597.42
517.92	1554.41
518.12	1521.64
518.32	1638.38
518.53	1519.59
518.73	1495.02
518.94	1568.74
519.14	1554.41
519.35	1484.78
519.55	1538.02
519.75	1581.03
519.96	1464.30
520.16	1621.99
520.37	1554.41
520.57	1478.63
520.78	1554.41
520.98	1632.23
521.18	1574.89
521.39	1538.02
521.59	1529.83
521.80	1484.78
522.00	1503.21
522.20	1621.99
522.41	1642.47
522.61	1554.41
522.82	1568.74
523.02	1570.79
523.22	1525.74
523.43	1578.98
523.63	1499.11
523.84	1538.02
524.04	1548.26
524.24	1572.84
524.45	1562.60
524.65	1564.65
524.85	1546.22
525.06	1601.51
525.26	1609.70
525.47	1472.49
525.67	1574.89
525.87	1611.75
526.08	1505.26
526.28	1544.17
526.48	1560.55
526.69	1613.80
526.89	1576.94
527.10	1492.97
527.30	1529.83
527.50	1554.41
527.71	1503.21
527.91	1468.39
528.11	1562.60
528.32	1572.84
528.52	1601.51
528.72	1523.69
528.93	1656.81
529.13	1560.55
529.34	1648.61
529.54	1558.50
529.74	1581.03
529.95	1521.64
530.15	1441.77
530.35	1552.36
530.56	1511.40
530.76	1544.17
530.96	1441.77
531.17	1581.03
531.37	1576.94
531.57	1535.98
531.78	1519.59
531.98	1515.50
532.18	1517.54
532.39	1515.50
532.59	1593.32
532.79	1544.17
533.00	1611.75
533.20	1519.59
533.40	1544.17
533.61	1544.17
533.81	1578.98
534.01	1560.55
534.22	1478.63
534.42	1542.12
534.62	1558.50
534.83	1492.97
535.03	1626.09
535.23	1556.46
535.44	1535.98
535.64	1527.78
535.84	1593.32
536.05	1490.92
536.25	1497.07
536.45	1503.21
536.65	1507.30
536.86	1488.87
537.06	1562.60
537.26	1564.65
537.47	1523.69
537.67	1437.67
537.87	1548.26
538.08	1609.70
538.28	1701.86
538.48	1574.89
538.68	1585.13
538.89	1576.94
539.09	1509.35
539.29	1535.98
539.50	1566.70
539.70	1523.69
539.90	1587.18
540.10	1527.78
540.31	1544.17
540.51	1621.99
540.71	1531.88
540.92	1560.55
541.12	1499.11
541.32	1495.02
541.52	1533.93
541.73	1538.02
541.93	1458.15
542.13	1556.46
542.33	1564.65
542.54	1585.13
542.74	1535.98
542.94	1544.17
543.14	1495.02
543.35	1544.17
543.55	1437.67
543.75	1470.44
543.96	1535.98
544.16	1562.60
544.36	1546.22
544.56	1517.54
544.77	1490.92
544.97	1529.83
545.17	1556.46
545.37	1597.42
545.58	1509.35
545.78	1650.66
545.98	1535.98
546.18	1548.26
546.38	1587.18
546.59	1603.56
546.79	1578.98
546.99	1656.81
547.19	1621.99
547.40	1509.35
547.60	1546.22
547.80	1589.22
548.00	1562.60
548.21	1476.59
548.41	1581.03
548.61	1503.21
548.81	1531.88
549.01	1515.50
549.22	1560.55
549.42	1601.51
549.62	1581.03
549.82	1511.40
550.03	1443.82
550.23	1552.36
550.43	1546.22
550.63	1605.61
550.83	1535.98
551.04	1572.84
551.24	1562.60
551.44	1544.17
551.64	1533.93
551.84	1535.98
552.05	1548.26
552.25	1572.84
552.45	1488.87
552.65	1591.27
552.85	1568.74
553.06	1587.18
553.26	1593.32
553.46	1509.35
553.66	1507.30
553.86	1560.55
554.07	1556.46
554.27	1548.26
554.47	1603.56
554.67	1570.79
554.87	1593.32
555.08	1482.73
555.28	1478.63
555.48	1429.48
555.68	1615.85
555.88	1572.84
556.08	1527.78
556.29	1591.27
556.49	1595.37
556.69	1570.79
556.89	1593.32
557.09	1519.59
557.29	1587.18
557.50	1533.93
557.70	1609.70
557.90	1578.98
558.10	1499.11
558.30	1570.79
558.50	1581.03
558.71	1533.93
558.91	1621.99
559.11	1660.90
559.31	1599.46
559.51	1535.98
559.71	1611.75
559.91	1480.68
560.12	1581.03
560.32	1568.74
560.52	1552.36
560.72	1605.61
560.92	1460.20
561.12	1447.91
561.32	1705.96
561.53	1560.55
561.73	1497.07
561.93	1617.90
562.13	1513.45
562.33	1619.94
562.53	1443.82
562.73	1521.64
562.93	1566.70
563.14	1525.74
563.34	1572.84
563.54	1570.79
563.74	1523.69
563.94	1562.60
564.14	1523.69
564.34	1581.03
564.54	1490.92
564.75	1570.79
564.95	1521.64
565.15	1552.36
565.35	1468.39
565.55	1560.55
565.75	1603.56
565.95	1562.60
566.15	1591.27
566.35	1464.30
566.56	1583.08
566.76	1533.93
566.96	1572.84
567.16	1552.36
567.36	1546.22
567.56	1513.45
567.76	1574.89
567.96	1503.21
568.16	1513.45
568.36	1554.41
568.56	1472.49
568.77	1476.59
568.97	1585.13
569.17	1519.59
569.37	1562.60
569.57	1558.50
569.77	1486.83
569.97	1535.98
570.17	1531.88
570.37	1497.07
570.57	1609.70
570.77	1591.27
570.97	1482.73
571.18	1595.37
571.38	1554.41
571.58	1511.40
571.78	1562.60
571.98	1552.36
572.18	1638.38
572.38	1585.13
572.58	1552.36
572.78	1578.98
572.98	1617.90
573.18	1523.69
573.38	1458.15
573.58	1578.98
573.78	1503.21
573.98	1581.03
574.18	1466.35
574.38	1472.49
574.58	1581.03
574.79	1521.64
574.99	1501.16
575.19	1535.98
575.39	1544.17
575.59	1480.68
575.79	1609.70
575.99	1576.94
576.19	1544.17
576.39	1558.50
576.59	1572.84
576.79	1515.50
576.99	1511.40
577.19	1648.61
577.39	1589.22
577.59	1587.18
577.79	1601.51
577.99	1568.74
578.19	1521.64
578.39	1490.92
578.59	1445.87
578.79	1495.02
578.99	1505.26
579.19	1466.35
579.39	1523.69
579.59	1478.63
579.79	1650.66
579.99	1560.55
580.19	1544.17
580.39	1544.17
580.59	1605.61
580.79	1488.87
580.99	1538.02
581.19	1546.22
581.39	1574.89
581.59	1546.22
581.79	1535.98
581.99	1535.98
582.19	1544.17
582.39	1529.83
582.59	1581.03
582.79	1540.07
582.99	1439.72
583.19	1527.78
583.39	1642.47
583.59	1583.08
583.79	1556.46
583.99	1529.83
584.19	1583.08
584.39	1585.13
584.59	1439.72
584.79	1490.92
584.99	1607.66
585.19	1540.07
585.39	1486.83
585.59	1550.31
585.79	1488.87
585.99	1591.27
586.19	1546.22
586.39	1578.98
586.59	1470.44
586.79	1556.46
586.99	1738.73
587.19	1650.66
587.39	1595.37
587.59	1529.83
587.78	1585.13
587.98	1548.26
588.18	1609.70
588.38	1460.20
588.58	1497.07
588.78	1556.46
588.98	1607.66
589.18	1570.79
589.38	1617.90
589.58	1578.98
589.78	1562.60
589.98	1538.02
590.18	1546.22
590.38	1613.80
590.58	1550.31
590.78	1482.73
590.98	1556.46
591.17	1654.76
591.37	1587.18
591.57	1542.12
591.77	1562.60
591.97	1544.17
592.17	1503.21
592.37	1544.17
592.57	1517.54
592.77	1568.74
592.97	1595.37
593.17	1542.12
593.37	1546.22
593.57	1535.98
593.76	1517.54
593.96	1505.26
594.16	1490.92
594.36	1574.89
594.56	1519.59
594.76	1710.05
594.96	1437.67
595.16	1574.89
595.36	1454.06
595.56	1564.65
595.75	1562.60
595.95	1523.69
596.15	1552.36
596.35	1560.55
596.55	1550.31
596.75	1587.18
596.95	1581.03
597.15	1503.21
597.35	1660.90
597.55	1507.30
597.74	1523.69
597.94	1535.98
598.14	1572.84
598.34	1570.79
598.54	1568.74
598.74	1585.13
598.94	1658.85
599.14	1492.97
599.33	1474.54
599.53	1617.90
599.73	1566.70
599.93	1556.46
600.13	1515.50
600.33	1642.47
600.53	1531.88
600.72	1581.03
600.92	1527.78
601.12	1488.87
601.32	1509.35
601.52	1581.03
601.72	1609.70
601.92	1605.61
602.11	1550.31
602.31	1648.61
602.51	1603.56
602.71	1599.46
602.91	1535.98
603.11	1570.79
603.31	1521.64
603.50	1662.95
603.70	1576.94
603.90	1585.13
604.10	1523.69
604.30	1521.64
604.50	1538.02
604.69	1515.50
604.89	1583.08
605.09	1540.07
605.29	1531.88
605.49	1593.32
605.69	1597.42
605.88	1540.07
606.08	1564.65
606.28	1607.66
606.48	1552.36
606.68	1560.55
606.87	1562.60
607.07	1515.50
607.27	1441.77
607.47	1474.54
607.67	1589.22
607.87	1572.84
608.06	1560.55
608.26	1529.83
608.46	1603.56
608.66	1572.84
608.86	1554.41
609.05	1552.36
609.25	1484.78
609.45	1599.46
609.65	1517.54
609.85	1556.46
610.04	1642.47
610.24	1472.49
610.44	1542.12
610.64	1490.92
610.84	1513.45
611.03	1519.59
611.23	1548.26
611.43	1490.92
611.63	1523.69
611.82	1566.70
612.02	1492.97
612.22	1529.83
612.42	1574.89
612.62	1515.50
612.81	1470.44
613.01	1558.50
613.21	1548.26
613.41	1601.51
613.60	1544.17
613.80	1595.37
614.00	1542.12
614.20	1488.87
614.40	1662.95
614.59	1484.78
614.79	1560.55
614.99	1558.50
615.19	1630.18
615.38	1585.13
615.58	1552.36
615.78	1505.26
615.98	1552.36
616.17	1587.18
616.37	1525.74
616.57	1568.74
616.77	1560.55
616.96	1527.78
617.16	1464.30
617.36	1605.61
617.56	1562.60
617.75	1599.46
617.95	1470.44
618.15	1476.59
618.35	1548.26
618.54	1533.93
618.74	1593.32
618.94	1542.12
619.13	1609.70
619.33	1576.94
619.53	1568.74
619.73	1480.68
619.92	1607.66
620.12	1669.09
620.32	1517.54
620.52	1533.93
620.71	1564.65
620.91	1642.47
621.11	1589.22
621.30	1466.35
621.50	1497.07
621.70	1511.40
621.90	1560.55
622.09	1583.08
622.29	1486.83
622.49	1484.78
622.68	1556.46
622.88	1574.89
623.08	1585.13
623.27	1513.45
623.47	1603.56
623.67	1519.59
623.87	1546.22
624.06	1595.37
624.26	1527.78
624.46	1597.42
624.65	1593.32
624.85	1464.30
625.05	1628.14
625.24	1523.69
625.44	1570.79
625.64	1560.55
625.83	1607.66
626.03	1585.13
626.23	1654.76
626.42	1621.99
626.62	1589.22
626.82	1542.12
627.01	1570.79
627.21	1626.09
627.41	1525.74
627.60	1542.12
627.80	1613.80
628.00	1552.36
628.19	1632.23
628.39	1593.32
628.59	1507.30
628.78	1544.17
628.98	1533.93
629.18	1538.02
629.37	1576.94
629.57	1548.26
629.77	1482.73
629.96	1597.42
630.16	1542.12
630.36	1523.69
630.55	1564.65
630.75	1521.64
630.95	1601.51
631.14	1632.23
631.34	1533.93
631.54	1478.63
631.73	1634.28
631.93	1576.94
632.12	1615.85
632.32	1554.41
632.52	1572.84
632.71	1478.63
632.91	1587.18
633.11	1507.30
633.30	1480.68
633.50	1474.54
633.69	1556.46
633.89	1576.94
634.09	1505.26
634.28	1619.94
634.48	1581.03
634.68	1529.83
634.87	1609.70
635.07	1527.78
635.26	1542.12
635.46	1525.74
635.66	1503.21
635.85	1556.46
636.05	1552.36
636.24	1544.17
636.44	1589.22
636.64	1515.50
636.83	1552.36
637.03	1601.51
637.22	1558.50
637.42	1619.94
637.62	1583.08
637.81	1478.63
638.01	1492.97
638.20	1568.74
638.40	1617.90
638.60	1535.98
638.79	1605.61
638.99	1476.59
639.18	1519.59
639.38	1521.64
639.57	1527.78
639.77	1550.31
639.97	1505.26
640.16	1546.22
640.36	1578.98
640.55	1527.78
640.75	1521.64
640.94	1583.08
641.14	1628.14
641.34	1615.85
641.53	1480.68
641.73	1548.26
641.92	1601.51
642.12	1503.21
642.31	1495.02
642.51	1638.38
642.71	1550.31
642.90	1548.26
643.10	1535.98
643.29	1529.83
643.49	1556.46
643.68	1478.63
643.88	1538.02
644.07	1611.75
644.27	1515.50
644.46	1511.40
644.66	1527.78
644.86	1552.36
645.05	1550.31
645.25	1574.89
645.44	1605.61
645.64	1556.46
645.83	1556.46
646.03	1566.70
646.22	1642.47
646.42	1513.45
646.61	1595.37
646.81	1589.22
647.00	1497.07
647.20	1585.13
647.39	1566.70
647.59	1478.63
647.78	1533.93
647.98	1535.98
648.18	1492.97
648.37	1495.02
648.57	1619.94
648.76	1501.16
648.96	1585.13
649.15	1597.42
649.35	1574.89
649.54	1605.61
649.74	1552.36
649.93	1546.22
650.13	1525.74
650.32	1556.46
650.52	1583.08
650.71	1474.54
650.91	1556.46
651.10	1583.08
651.30	1556.46
651.49	1642.47
651.69	1531.88
651.88	1572.84
652.08	1603.56
652.27	1505.26
652.46	1685.48
652.66	1540.07
652.85	1564.65
653.05	1605.61
653.24	1617.90
653.44	1513.45
653.63	1558.50
653.83	1644.52
654.02	1591.27
654.22	1509.35
654.41	1562.60
654.61	1415.15
654.80	1564.65
655.00	1609.70
655.19	1480.68
655.39	1515.50
655.58	1513.45
655.77	1589.22
655.97	1535.98
656.16	1556.46
656.36	1548.26
656.55	1554.41
656.75	1546.22
656.94	1503.21
657.14	1574.89
657.33	1552.36
657.53	1572.84
657.72	1638.38
657.91	1665.00
658.11	1560.55
658.30	1603.56
658.50	1556.46
658.69	1568.74
658.89	1642.47
659.08	1521.64
659.27	1486.83
659.47	1581.03
659.66	1535.98
659.86	1546.22
660.05	1511.40
660.25	1558.50
660.44	1546.22
660.63	1609.70
660.83	1513.45
661.02	1507.30
661.22	1576.94
661.41	1589.22
661.61	1556.46
661.80	1544.17
661.99	1527.78
662.19	1560.55
662.38	1562.60
662.58	1611.75
662.77	1658.85
662.96	1511.40
663.16	1552.36
663.35	1535.98
663.55	1607.66
663.74	1595.37
663.93	1556.46
664.13	1570.79
664.32	1519.59
664.52	1505.26
664.71	1595.37
664.90	1558.50
665.10	1529.83
665.29	1527.78
665.49	1628.14
665.68	1546.22
665.87	1605.61
666.07	1683.43
666.26	1564.65
666.45	1562.60
666.65	1521.64
666.84	1605.61
667.04	1587.18
667.23	1542.12
667.42	1556.46
667.62	1589.22
667.81	1609.70
668.00	1492.97
668.20	1648.61
668.39	1499.11
668.58	1519.59
668.78	1552.36
668.97	1513.45
669.17	1519.59
669.36	1544.17
669.55	1578.98
669.75	1554.41
669.94	1523.69
670.13	1542.12
670.33	1581.03
670.52	1589.22
670.71	1488.87
670.91	1540.07
671.10	1540.07
671.29	1572.84
671.49	1572.84
671.68	1552.36
671.87	1497.07
672.07	1523.69
672.26	1484.78
672.45	1538.02
672.65	1535.98
672.84	1603.56
673.03	1480.68
673.23	1495.02
673.42	1499.11
673.61	1648.61
673.81	1501.16
674.00	1507.30
674.19	1613.80
674.39	1601.51
674.58	1673.19
674.77	1529.83
674.97	1503.21
675.16	1556.46
675.35	1576.94
675.55	1550.31
675.74	1603.56
675.93	1581.03
676.12	1546.22
676.32	1535.98
676.51	1527.78
676.70	1558.50
676.90	1591.27
677.09	1560.55
677.28	1540.07
677.48	1568.74
677.67	1556.46
677.86	1525.74
678.05	1540.07
678.25	1568.74
678.44	1650.66
678.63	1472.49
678.83	1560.55
679.02	1544.17
679.21	1609.70
679.40	1533.93
679.60	1576.94
679.79	1517.54
679.98	1646.57
680.17	1585.13
680.37	1497.07
680.56	1570.79
680.75	1560.55
680.95	1527.78
681.14	1552.36
681.33	1589.22
681.52	1560.55
681.72	1552.36
681.91	1595.37
682.10	1558.50
682.29	1511.40
682.49	1558.50
682.68	1566.70
682.87	1490.92
683.06	1480.68
683.26	1495.02
683.45	1552.36
683.64	1572.84
683.83	1568.74
684.03	1497.07
684.22	1527.78
684.41	1585.13
684.60	1495.02
684.80	1605.61
684.99	1482.73
685.18	1525.74
685.37	1519.59
685.56	1495.02
685.76	1626.09
685.95	1527.78
686.14	1540.07
686.33	1531.88
686.53	1556.46
686.72	1538.02
686.91	1531.88
687.10	1527.78
687.29	1544.17
687.49	1550.31
687.68	1542.12
687.87	1585.13
688.06	1621.99
688.26	1597.42
688.45	1535.98
688.64	1617.90
688.83	1392.62
689.02	1574.89
689.22	1605.61
689.41	1513.45
689.60	1538.02
689.79	1499.11
689.98	1544.17
690.18	1617.90
690.37	1603.56
690.56	1566.70
690.75	1626.09
690.94	1535.98
691.13	1550.31
691.33	1665.00
691.52	1601.51
691.71	1638.38
691.90	1468.39
692.09	1507.30
692.29	1621.99
692.48	1548.26
692.67	1474.54
692.86	1515.50
693.05	1421.29
693.24	1533.93
693.44	1542.12
693.63	1521.64
693.82	1560.55
694.01	1521.64
694.20	1640.42
694.39	1613.80
694.59	1527.78
694.78	1671.14
694.97	1550.31
695.16	1609.70
695.35	1589.22
695.54	1535.98
695.74	1560.55
695.93	1533.93
696.12	1613.80
696.31	1605.61
696.50	1611.75
696.69	1529.83
696.88	1550.31
697.08	1535.98
697.27	1540.07
697.46	1566.70
697.65	1593.32
697.84	1611.75
698.03	1550.31
698.22	1546.22
698.41	1607.66
698.61	1556.46
698.80	1490.92
698.99	1556.46
699.18	1564.65
699.37	1544.17
699.56	1605.61
699.75	1593.32
699.94	1482.73
700.14	1544.17
700.33	1611.75
700.52	1564.65
700.71	1525.74
700.90	1552.36
701.09	1570.79
701.28	1570.79
701.47	1609.70
701.66	1519.59
701.86	1554.41
702.05	1576.94
702.24	1585.13
702.43	1538.02
702.62	1562.60
702.81	1533.93
703.00	1597.42
703.19	1499.11
703.38	1544.17
703.57	1499.11
703.77	1548.26
703.96	1576.94
704.15	1511.40
704.34	1585.13
704.53	1564.65
704.72	1519.59
704.91	1589.22
705.10	1548.26
705.29	1587.18
705.48	1587.18
705.67	1482.73
705.86	1519.59
706.05	1558.50
706.25	1499.11
706.44	1527.78
706.63	1621.99
706.82	1581.03
707.01	1554.41
707.20	1581.03
707.39	1519.59
707.58	1581.03
707.77	1507.30
707.96	1515.50
708.15	1519.59
708.34	1650.66
708.53	1517.54
708.72	1558.50
708.91	1490.92
709.10	1574.89
709.29	1544.17
709.48	1556.46
709.67	1556.46
709.87	1548.26
710.06	1554.41
710.25	1621.99
710.44	1568.74
710.63	1621.99
710.82	1591.27
711.01	1531.88
711.20	1578.98
711.39	1601.51
711.58	1576.94
711.77	1548.26
711.96	1581.03
712.15	1556.46
712.34	1593.32
712.53	1679.33
712.72	1535.98
712.91	1595.37
713.10	1576.94
713.29	1630.18
713.48	1572.84
713.67	1568.74
713.86	1570.79
714.05	1538.02
714.24	1452.01
714.43	1568.74
714.62	1480.68
714.81	1640.42
715.00	1609.70
715.19	1607.66
715.38	1617.90
715.57	1574.89
715.76	1464.30
715.95	1834.98
716.14	1554.41
716.33	1542.12
716.52	1523.69
716.71	1595.37
716.90	1554.41
717.09	1499.11
717.28	1550.31
717.47	1519.59
717.66	1478.63
717.85	1538.02
718.04	1554.41
718.23	1601.51
718.42	1550.31
718.61	1667.05
718.80	1566.70
718.99	1583.08
719.18	1603.56
719.37	1570.79
719.55	1505.26
719.74	1621.99
719.93	1578.98
720.12	1517.54
720.31	1540.07
720.50	1601.51
720.69	1535.98
720.88	1552.36
721.07	1593.32
721.26	1499.11
721.45	1519.59
721.64	1535.98
721.83	1564.65
722.02	1492.97
722.21	1515.50
722.40	1507.30
722.59	1447.91
722.78	1548.26
722.97	1511.40
723.15	1513.45
723.34	1601.51
723.53	1595.37
723.72	1478.63
723.91	1605.61
724.10	1597.42
724.29	1546.22
724.48	1507.30
724.67	1495.02
724.86	1640.42
725.05	1490.92
725.24	1589.22
725.43	1544.17
725.61	1593.32
725.80	1495.02
725.99	1531.88
726.18	1591.27
726.37	1552.36
726.56	1519.59
726.75	1527.78
726.94	1521.64
727.13	1552.36
727.32	1523.69
727.50	1564.65
727.69	1538.02
727.88	1535.98
728.07	1503.21
728.26	1501.16
728.45	1605.61
728.64	1646.57
728.83	1556.46
729.02	1578.98
729.21	1540.07
729.39	1554.41
729.58	1576.94
729.77	1499.11
729.96	1521.64
730.15	1605.61
730.34	1499.11
730.53	1505.26
730.72	1529.83
730.90	1615.85
731.09	1507.30
731.28	1581.03
731.47	1566.70
731.66	1652.71
731.85	1562.60
732.04	1628.14
732.22	1556.46
732.41	1544.17
732.60	1482.73
732.79	1630.18
732.98	1523.69
733.17	1568.74
733.36	1529.83
733.54	1689.57
733.73	1548.26
733.92	1531.88
734.11	1542.12
734.30	1601.51
734.49	1646.57
734.67	1609.70
734.86	1527.78
735.05	1597.42
735.24	1548.26
735.43	1566.70
735.62	1554.41
735.80	1519.59
735.99	1554.41
736.18	1435.63
736.37	1511.40
736.56	1603.56
736.75	1480.68
736.93	1581.03
737.12	1480.68
737.31	1595.37
737.50	1599.46
737.69	1609.70
737.87	1581.03
738.06	1562.60
738.25	1521.64
738.44	1548.26
738.63	1611.75
738.82	1583.08
739.00	1533.93
739.19	1525.74
739.38	1552.36
739.57	1568.74
739.76	1601.51
739.94	1599.46
740.13	1509.35
740.32	1578.98
740.51	1574.89
740.69	1523.69
740.88	1445.87
741.07	1535.98
741.26	1613.80
741.45	1566.70
741.63	1591.27
741.82	1560.55
742.01	1589.22
742.20	1507.30
742.39	1570.79
742.57	1433.58
742.76	1566.70
742.95	1513.45
743.14	1554.41
743.32	1609.70
743.51	1542.12
743.70	1542.12
743.89	1458.15
744.07	1562.60
744.26	1540.07
744.45	1511.40
744.64	1587.18
744.82	1480.68
745.01	1443.82
745.20	1607.66
745.39	1611.75
745.57	1478.63
745.76	1593.32
745.95	1578.98
746.14	1581.03
746.32	1595.37
746.51	2015.20
746.70	1599.46
746.89	1619.94
747.07	1628.14
747.26	1628.14
747.45	1552.36
747.64	1492.97
747.82	1574.89
748.01	1601.51
748.20	1564.65
748.39	1593.32
748.57	1585.13
748.76	1566.70
748.95	1568.74
749.13	1603.56
749.32	1591.27
749.51	1581.03
749.70	1603.56
749.88	1572.84
750.07	1572.84
750.26	1644.52
750.44	1531.88
750.63	1642.47
750.82	1527.78
751.01	1511.40
751.19	1568.74
751.38	1546.22
751.57	1495.02
751.75	1601.51
751.94	1603.56
752.13	1556.46
752.31	1478.63
752.50	1613.80
752.69	1585.13
752.87	1611.75
753.06	1675.24
753.25	1552.36
753.44	1621.99
753.62	1578.98
753.81	1585.13
754.00	1619.94
754.18	1531.88
754.37	1546.22
754.56	1550.31
754.74	1591.27
754.93	1474.54
755.12	1591.27
755.30	1576.94
755.49	1599.46
755.68	1495.02
755.86	1591.27
756.05	1523.69
756.24	1597.42
756.42	1578.98
756.61	1437.67
756.80	1527.78
756.98	1558.50
757.17	1558.50
757.36	1558.50
757.54	1540.07
757.73	1531.88
757.91	1570.79
758.10	1570.79
758.29	1638.38
758.47	1609.70
758.66	1560.55
758.85	1607.66
759.03	1560.55
759.22	1529.83
759.41	1535.98
759.59	1615.85
759.78	1628.14
759.96	1535.98
760.15	1533.93
760.34	1591.27
760.52	1593.32
760.71	1554.41
760.90	1648.61
761.08	1578.98
761.27	1529.83
761.45	1640.42
761.64	1628.14
761.83	1601.51
762.01	1593.32
762.20	1550.31
762.39	1535.98
762.57	1585.13
762.76	1566.70
762.94	1574.89
763.13	1562.60
763.32	1548.26
763.50	1621.99
763.69	1542.12
763.87	1566.70
764.06	1601.51
764.25	1509.35
764.43	1558.50
764.62	1513.45
764.80	1572.84
764.99	1595.37
765.17	1572.84
765.36	1544.17
765.55	1540.07
765.73	1529.83
765.92	1599.46
766.10	1544.17
766.29	1615.85
766.48	1525.74
766.66	1509.35
766.85	1540.07
767.03	1556.46
767.22	1617.90
767.40	1697.77
767.59	1497.07
767.78	1523.69
767.96	1566.70
768.15	1523.69
768.33	1609.70
768.52	1556.46
768.70	1513.45
768.89	1548.26
769.07	1587.18
769.26	1585.13
769.45	1597.42
769.63	1660.90
769.82	1587.18
770.00	1492.97
770.19	1484.78
770.37	1572.84
770.56	1605.61
770.74	1544.17
770.93	1552.36
771.11	1566.70
771.30	1554.41
771.48	1466.35
771.67	1546.22
771.86	1628.14
772.04	1538.02
772.23	1609.70
772.41	1527.78
772.60	1611.75
772.78	1583.08
772.97	1576.94
773.15	1591.27
773.34	1597.42
773.52	1566.70
773.71	1587.18
773.89	1511.40
774.08	1542.12
774.26	1564.65
774.45	1650.66
774.63	1548.26
774.82	1597.42
775.00	1619.94
775.19	1658.85
775.37	1527.78
775.56	1499.11
775.74	1570.79
775.93	1503.21
776.11	1509.35
776.30	1548.26
776.48	1583.08
776.67	1669.09
776.85	1519.59
777.04	1597.42
777.22	1609.70
777.41	1554.41
777.59	1621.99
777.78	1601.51
777.96	1574.89
778.15	1548.26
778.33	1542.12
778.52	1564.65
778.70	1611.75
778.88	1574.89
779.07	1476.59
779.25	1495.02
779.44	1564.65
779.62	1540.07
779.81	1554.41
779.99	1730.53
780.18	1570.79
780.36	1587.18
780.55	1556.46
780.73	1527.78
780.92	1677.29
781.10	1591.27
781.28	1472.49
781.47	1564.65
781.65	1484.78
781.84	1591.27
782.02	1624.04
782.21	1560.55
782.39	1558.50
782.58	1607.66
782.76	1482.73
782.94	1570.79
783.13	1531.88
783.31	1685.48
783.50	1478.63
783.68	1519.59
783.87	1544.17
784.05	1570.79
784.23	1587.18
784.42	1601.51
784.60	1497.07
784.79	1505.26
784.97	1452.01
785.15	1679.33
785.34	1636.33
785.52	1509.35
785.71	1517.54
785.89	1574.89
786.08	1523.69
786.26	1609.70
786.44	1642.47
786.63	1564.65
786.81	1632.23
787.00	1560.55
787.18	1570.79
787.36	1607.66
787.55	1621.99
787.73	1544.17
787.91	1564.65
788.10	1570.79
788.28	1728.49
788.47	1562.60
788.65	1593.32
788.83	1607.66
789.02	1552.36
789.20	1611.75
789.39	1599.46
789.57	1601.51
789.75	1648.61
789.94	1513.45
790.12	1581.03
790.30	1693.67
790.49	1507.30
790.67	1566.70
790.86	1611.75
791.04	1628.14
791.22	1665.00
791.41	1529.83
791.59	1531.88
791.77	1613.80
791.96	1667.05
792.14	1628.14
792.32	1581.03
792.51	1679.33
792.69	1675.24
792.87	1601.51
793.06	1578.98
793.24	1654.76
793.42	1591.27
793.61	1654.76
793.79	1605.61
793.98	1591.27
794.16	1613.80
794.34	1570.79
794.53	1714.15
794.71	1648.61
794.89	1644.52
795.08	1621.99
795.26	1675.24
795.44	1724.39
795.62	1667.05
795.81	1718.25
795.99	1665.00
796.17	1644.52
796.36	1769.44
796.54	1630.18
796.72	1675.24
796.91	1716.20
797.09	1710.05
797.27	1671.14
797.46	1665.00
797.64	1736.68
797.82	1742.82
798.01	1720.29
798.19	1740.77
798.37	1775.59
798.55	1732.58
798.74	1675.24
798.92	1710.05
799.10	1703.91
799.29	1685.48
799.47	1775.59
799.65	1806.31
799.84	1742.82
800.02	1751.01
800.20	1679.33
800.38	1779.68
800.57	1843.17
800.75	1880.04
800.93	1748.97
801.11	1738.73
801.30	1775.59
801.48	1882.08
801.66	1798.12
801.85	1812.45
802.03	1837.03
802.21	1861.60
802.39	1847.27
802.58	1834.98
802.76	1886.18
802.94	1947.62
803.12	2017.25
803.31	1834.98
803.49	2000.87
803.67	1976.29
803.85	1892.32
804.04	2033.63
804.22	1964.00
804.40	2060.26
804.58	2166.75
804.77	2060.26
804.95	2033.63
805.13	1978.34
805.31	2168.80
805.50	2025.44
805.68	2109.41
805.86	2088.93
806.04	2150.37
806.23	2244.57
806.41	2097.12
806.59	2244.57
806.77	2291.68
806.95	2303.96
807.14	2279.39
807.32	2365.40
807.50	2275.29
807.68	2473.95
807.87	2398.17
808.05	2349.02
808.23	2488.28
808.41	2447.32
808.59	2519.00
808.78	2590.68
808.96	2592.73
809.14	2594.78
809.32	2633.69
809.50	2594.78
809.69	2654.17
809.87	2637.78
810.05	2891.73
810.23	2805.72
810.41	2998.23
810.60	2908.12
810.78	3002.32
810.96	2998.23
811.14	3053.52
811.32	3106.77
811.51	3155.92
811.69	3338.19
811.87	3221.45
812.05	3370.96
812.23	3264.46
812.41	3446.73
812.60	3555.27
812.78	3366.86
812.96	3506.12
813.14	3700.68
813.32	3669.96
813.50	3829.70
813.69	3854.28
813.87	3891.14
814.05	4030.40
814.23	4106.18
814.41	4173.76
814.59	4270.01
814.78	4341.69
814.96	4390.84
815.14	4624.31
815.32	4536.25
815.50	4743.10
815.68	4822.97
815.87	4870.07
816.05	5001.14
816.23	5015.48
816.41	5148.59
816.59	5205.94
816.77	5380.01
816.95	5539.76
817.13	5736.36
817.32	5595.05
817.50	5859.24
817.68	5892.01
817.86	6029.22
818.04	6291.36
818.22	6223.78
818.40	6287.26
818.59	6496.16
818.77	6627.23
818.95	6875.03
819.13	6981.53
819.31	6936.47
819.49	7159.70
819.67	7462.80
819.85	7399.31
820.03	7548.81
820.22	7827.34
820.40	8003.46
820.58	8183.68
820.76	8249.22
820.94	8458.11
821.12	8503.17
821.30	8808.31
821.48	9002.87
821.66	9283.44
821.84	9451.38
822.03	9699.18
822.21	9908.07
822.39	9914.22
822.57	10248.04
822.75	10352.48
822.93	10704.73
823.11	10817.37
823.29	11253.59
823.47	11439.95
823.65	11474.77
823.83	11683.66
824.01	11800.40
824.19	12234.57
824.38	12304.20
824.56	12621.63
824.74	12873.53
824.92	13086.52
825.10	13356.85
825.28	13594.42
825.46	14020.39
825.64	14380.84
825.82	14591.78
826.00	14903.07
826.18	15134.49
826.36	15232.79
826.54	15685.39
826.72	16013.07
826.90	16146.19
827.08	16862.97
827.26	16688.90
827.44	17141.50
827.63	17557.24
827.81	18136.81
827.99	18509.54
828.17	18644.71
828.35	19285.72
828.53	19365.59
828.71	19812.05
828.89	20174.54
829.07	20037.33
829.25	20643.52
829.43	21022.40
829.61	21192.38
829.79	21872.31
829.97	22294.19
830.15	22685.35
830.33	22642.34
830.51	23332.51
830.69	23731.86
830.87	24106.64
831.05	24192.65
831.23	24751.75
831.41	25079.43
831.59	25384.57
831.77	25919.09
831.95	25871.99
832.13	26310.25
832.31	26764.90
832.49	27375.20
832.67	27666.01
832.85	28116.56
833.03	28841.54
833.21	29214.27
833.39	29736.51
833.57	30254.64
833.75	30393.90
833.93	30623.28
834.11	31231.52
834.29	31886.87
834.47	32019.99
834.65	33158.66
834.83	32859.66
835.01	34278.90
835.19	33879.55
835.37	34805.23
835.55	35290.60
835.73	35571.17
835.91	36111.83
836.09	36697.55
836.27	36996.56
836.45	37121.48
836.62	37576.13
836.80	38450.61
836.98	38675.89
837.16	39218.60
837.34	39830.94
837.52	39837.09
837.70	40453.53
837.88	40883.60
838.06	41250.19
838.24	41915.78
838.42	42216.83
838.60	42638.71
838.78	42993.01
838.96	43611.49
839.14	44137.82
839.32	44510.55
839.50	44574.04
839.68	45440.33
839.85	45743.43
840.03	45733.19
840.21	46425.40
840.39	46511.42
840.57	47435.05
840.75	47090.99
840.93	47779.11
841.11	48008.48
841.29	48561.44
841.47	48768.28
841.65	49468.69
841.83	49605.90
842.00	49771.78
842.18	50040.07
842.36	50746.62
842.54	51211.51
842.72	50648.32
842.90	51846.38
843.08	51606.76
843.26	52276.45
843.44	52026.60
843.62	52243.68
843.79	53167.32
843.97	52884.70
844.15	53370.07
844.33	53333.20
844.51	53337.30
844.69	53611.73
844.87	53730.51
845.05	53769.42
845.23	54191.30
845.40	54179.01
845.58	54279.36
845.76	54033.61
845.94	54492.35
846.12	54455.49
846.30	54846.65
846.48	54656.19
846.66	54805.69
846.83	55059.64
847.01	54742.20
847.19	54979.77
847.37	54598.85
847.55	54807.74
847.73	55424.18
847.91	54676.67
848.08	55112.89
848.26	55037.11
848.44	54197.44
848.62	54502.59
848.80	54418.63
848.98	54305.99
849.15	54119.62
849.33	54469.82
849.51	54926.52
849.69	54592.70
849.87	54179.01
850.05	54238.40
850.23	54398.15
850.40	54389.95
850.58	54637.76
850.76	54148.29
850.94	54369.47
851.12	54064.33
851.29	54815.93
851.47	54627.52
851.65	53515.47
851.83	54049.99
852.01	53738.70
852.19	53329.11
852.36	53724.36
852.54	52860.12
852.72	52839.64
852.90	53001.43
853.08	51856.62
853.25	52509.92
853.43	51766.51
853.61	51023.09
853.79	50275.58
853.97	50025.73
854.14	49538.32
854.32	49272.08
854.50	49175.83
854.68	48153.89
854.86	47775.02
855.03	47134.00
855.21	46628.15
855.39	46036.29
855.57	45854.02
855.75	45487.43
855.92	45376.84
856.10	44590.42
856.28	44336.48
856.46	43904.35
856.63	43634.02
856.81	43556.20
856.99	42921.33
857.17	42347.90
857.35	41760.13
857.52	41618.82
857.70	41090.44
857.88	40791.44
858.06	40494.49
858.23	40027.55
858.41	39624.10
858.59	38800.82
858.77	38757.81
858.94	37889.47
859.12	37459.40
859.30	37051.85
859.48	36425.17
859.65	36003.29
859.83	35177.96
860.01	34719.21
860.19	34061.82
860.36	33826.30
860.54	33345.03
860.72	32546.32
860.90	32087.57
861.07	32024.09
861.25	31438.37
861.43	30631.47
861.60	30424.62
861.78	30062.13
861.96	29349.44
862.14	28923.46
862.31	28638.80
862.49	27999.83
862.67	27840.09
862.84	27383.39
863.02	27205.22
863.20	26732.14
863.38	26431.08
863.55	26023.54
863.73	25765.49
863.91	25202.30
864.08	24467.08
864.26	24860.29
864.44	24006.29
864.62	23897.75
864.79	23443.10
864.97	23041.70
865.15	22730.41
865.32	22474.41
865.50	21976.75
865.68	21573.30
865.85	21442.23
866.03	20575.94
866.21	20852.42
866.38	20152.01
866.56	19746.51
866.74	19298.01
866.92	19345.11
867.09	18747.11
867.27	18392.81
867.45	18505.45
867.62	17886.96
867.80	17854.19
867.98	17286.90
868.15	16850.69
868.33	16783.10
868.51	16631.55
868.68	15820.56
868.86	15875.85
869.04	15298.33
869.21	15245.08
869.39	15087.39
869.56	14763.81
869.74	14264.10
869.92	14094.12
870.09	13801.26
870.27	13496.11
870.45	13197.11
870.62	13094.71
870.80	13004.60
870.98	12764.99
871.15	12361.54
871.33	12296.00
871.51	12144.45
871.68	12013.38
871.86	11732.81
872.03	11542.35
872.21	11505.49
872.39	11468.62
872.56	11138.90
872.74	11044.70
872.92	10471.26
873.09	10620.77
873.27	10514.27
873.44	10180.45
873.62	10358.63
873.80	9969.51
873.97	9910.12
874.15	9430.90
874.32	9467.76
874.50	9432.94
874.68	8916.86
874.85	8929.14
875.03	8968.06
875.20	8855.42
875.38	8664.96
875.56	8148.87
875.73	8345.47
875.91	8183.68
876.08	7942.02
876.26	7776.14
876.44	7860.10
876.61	7526.29
876.79	7208.85
876.96	7483.28
877.14	7090.07
877.32	7014.29
877.49	6969.24
877.67	6602.65
877.84	6649.75
878.02	6553.50
878.19	6526.88
878.37	6391.71
878.55	6346.66
878.72	6307.74
878.90	6158.24
879.07	5978.02
879.25	5824.42
879.42	5722.02
879.60	5781.42
879.77	5730.22
879.95	5822.38
880.13	5523.37
880.30	5541.80
880.48	5550.00
880.65	5269.42
880.83	5236.66
881.00	5339.05
881.18	5142.45
881.35	4917.17
881.53	5156.79
881.70	4951.99
881.88	4788.15
882.06	4794.29
882.23	4681.66
882.41	4710.33
882.58	4706.23
882.76	4665.27
882.93	4474.81
883.11	4440.00
883.28	4292.54
883.46	4138.94
883.63	4179.90
883.81	4057.03
883.98	4110.27
884.16	4095.94
884.33	4110.27
884.51	3956.68
884.68	3981.25
884.86	3907.52
885.03	3932.10
885.21	3739.59
885.38	3866.56
885.56	3661.77
885.73	3796.93
885.91	3735.50
886.08	3491.79
886.26	3456.97
886.43	3633.10
886.61	3612.62
886.78	3459.02
886.96	3481.55
887.13	3391.44
887.31	3336.14
887.48	3286.99
887.66	3340.24
887.83	3252.17
888.01	3289.04
888.18	3059.67
888.36	3209.17
888.53	3157.97
888.71	3078.10
888.88	3028.95
889.06	2930.64
889.23	3024.85
889.40	2897.88
889.58	2875.35
889.75	2938.84
889.93	2920.40
890.10	2887.64
890.28	2869.20
890.45	2805.72
890.63	2768.85
890.80	2738.13
890.98	2799.57
891.15	2639.83
891.32	2713.56
891.50	2766.81
891.67	2709.46
891.85	2596.82
892.02	2576.34
892.20	2656.22
892.37	2549.72
892.54	2512.86
892.72	2510.81
892.89	2496.47
893.07	2531.29
893.24	2504.67
893.42	2504.67
893.59	2361.31
893.76	2455.51
893.94	2420.70
894.11	2449.37
894.29	2443.23
894.46	2416.60
894.64	2342.88
894.81	2404.32
894.98	2398.17
895.16	2308.06
895.33	2273.25
895.51	2222.05
895.68	2150.37
895.85	2361.31
896.03	2187.23
896.20	2220.00
896.38	2201.57
896.55	2220.00
896.72	2273.25
896.90	2056.16
897.07	2271.20
897.25	2152.42
897.42	2064.35
897.59	2136.03
897.77	2107.36
897.94	2195.42
898.11	2105.31
898.29	2076.64
898.46	2047.97
898.64	2099.17
898.81	2064.35
898.98	2052.06
899.16	2105.31
899.33	1941.47
899.50	1986.53
899.68	2013.15
899.85	2093.02
900.02	2076.64
900.20	1990.63
900.37	1992.67
900.55	2052.06
900.72	1949.67
900.89	1927.14
901.07	1957.86
901.24	1974.24
901.41	1968.10
901.59	1931.23
901.76	1857.51
901.93	2002.91
902.11	1892.32
902.28	1908.71
902.45	1994.72
902.63	2015.20
902.80	1904.61
902.97	1888.23
903.15	1961.95
903.32	1888.23
903.49	1867.75
903.67	1904.61
903.84	1900.52
904.01	1857.51
904.19	1802.21
904.36	1875.94
904.53	1910.75
904.71	1820.64
904.88	1904.61
905.05	1791.97
905.22	1791.97
905.40	1810.40
905.57	1804.26
905.74	1773.54
905.92	1800.16
906.09	1822.69
906.26	1783.78
906.44	1808.36
906.61	1859.56
906.78	1783.78
906.95	1773.54
907.13	1783.78
907.30	1773.54
907.47	1800.16
907.65	1789.92
907.82	1775.59
907.99	1855.46
908.16	1744.87
908.34	1755.11
908.51	1744.87
908.68	1753.06
908.86	1695.72
909.03	1767.40
909.20	1742.82
909.37	1830.88
909.55	1804.26
909.72	1660.90
909.89	1732.58
910.06	1638.38
910.24	1701.86
910.41	1617.90
910.58	1718.25
910.75	1767.40
910.93	1693.67
911.10	1708.01
911.27	1767.40
911.44	1763.30
911.62	1736.68
911.79	1726.44
911.96	1708.01
912.13	1779.68
912.31	1779.68
912.48	1689.57
912.65	1626.09
912.82	1742.82
913.00	1685.48
913.17	1585.13
913.34	1632.23
913.51	1630.18
913.68	1621.99
913.86	1624.04
914.03	1701.86
914.20	1683.43
914.37	1763.30
914.55	1687.53
914.72	1626.09
914.89	1697.77
915.06	1716.20
915.23	1589.22
915.41	1675.24
915.58	1650.66
915.75	1658.85
915.92	1621.99
916.09	1650.66
916.27	1691.62
916.44	1673.19
916.61	1611.75
916.78	1654.76
916.95	1691.62
917.13	1761.25
917.30	1699.81
917.47	1691.62
917.64	1578.98
917.81	1648.61
917.99	1656.81
918.16	1593.32
918.33	1638.38
918.50	1638.38
918.67	1630.18
918.84	1617.90
919.02	1642.47
919.19	1654.76
919.36	1654.76
919.53	1548.26
919.70	1621.99
919.87	1681.38
920.05	1658.85
920.22	1734.63
920.39	1605.61
920.56	1566.70
920.73	1597.42
920.90	1634.28
921.08	1671.14
921.25	1665.00
921.42	1558.50
921.59	1611.75
921.76	1619.94
921.93	1568.74
922.10	1556.46
922.28	1617.90
922.45	1566.70
922.62	1564.65
922.79	1638.38
922.96	1648.61
923.13	1628.14
923.30	1576.94
923.47	1640.42
923.65	1601.51
923.82	1470.44
923.99	1613.80
924.16	1703.91
924.33	1605.61
924.50	1572.84
924.67	1677.29
924.84	1621.99
925.01	1603.56
925.19	1630.18
925.36	1548.26
925.53	1548.26
925.70	1566.70
925.87	1490.92
926.04	1564.65
926.21	1685.48
926.38	1531.88
926.55	1624.04
926.73	1703.91
926.90	1603.56
927.07	1626.09
927.24	1566.70
927.41	1617.90
927.58	1621.99
927.75	1609.70
927.92	1574.89
928.09	1599.46
928.26	1609.70
928.43	1589.22
928.60	1613.80
928.77	1570.79
928.95	1566.70
929.12	1589.22
929.29	1624.04
929.46	1558.50
929.63	1533.93
929.80	1572.84
929.97	1665.00
930.14	1521.64
930.31	1513.45
930.48	1535.98
930.65	1572.84
930.82	1521.64
930.99	1585.13
931.16	1566.70
931.33	1564.65
931.50	1548.26
931.67	1529.83
931.85	1560.55
932.02	1488.87
932.19	1535.98
932.36	1492.97
932.53	1578.98
932.70	1624.04
932.87	1638.38
933.04	1503.21
933.21	1568.74
933.38	1585.13
933.55	1533.93
933.72	1587.18
933.89	1619.94
934.06	1589.22
934.23	1589.22
934.40	1568.74
934.57	1597.42
934.74	1546.22
934.91	1615.85
935.08	1593.32
935.25	1566.70
935.42	1621.99
935.59	1587.18
935.76	1554.41
935.93	1529.83
936.10	1556.46
936.27	1578.98
936.44	1593.32
936.61	1474.54
936.78	1529.83
936.95	1644.52
937.12	1665.00
937.29	1603.56
937.46	1560.55
937.63	1560.55
937.80	1552.36
937.97	1538.02
938.14	1595.37
938.31	1626.09
938.48	1675.24
938.65	1523.69
938.82	1591.27
938.99	1542.12
939.16	1554.41
939.33	1628.14
939.50	1574.89
939.67	1552.36
939.84	1589.22
940.00	1593.32
940.17	1552.36
940.34	1527.78
940.51	1609.70
940.68	1527.78
940.85	1495.02
941.02	1591.27
941.19	1595.37
941.36	1509.35
941.53	1513.45
941.70	1495.02
941.87	1550.31
942.04	1593.32
942.21	1607.66
942.38	1529.83
942.55	1642.47
942.72	1531.88
942.89	1589.22
943.05	1595.37
943.22	1546.22
943.39	1560.55
943.56	1525.74
943.73	1568.74
943.90	1589.22
944.07	1540.07
944.24	1576.94
944.41	1603.56
944.58	1601.51
944.75	1523.69
944.92	1538.02
945.08	1626.09
945.25	1552.36
945.42	1589.22
945.59	1519.59
945.76	1544.17
945.93	1560.55
946.10	1576.94
946.27	1572.84
946.44	1533.93
946.60	1572.84
946.77	1529.83
946.94	1570.79
947.11	1628.14
947.28	1607.66
947.45	1554.41
947.62	1591.27
947.79	1574.89
947.96	1634.28
948.12	1564.65
948.29	1558.50
948.46	1554.41
948.63	1511.40
948.80	1601.51
948.97	1574.89
949.14	1671.14
949.30	1665.00
949.47	1515.50
949.64	1605.61
949.81	1599.46
949.98	1523.69
950.15	1509.35
950.32	1605.61
950.48	1517.54
950.65	1601.51
950.82	1535.98
950.99	1605.61
951.16	1564.65
951.33	1540.07
951.50	1517.54
951.66	1564.65
951.83	1587.18
952.00	1617.90
952.17	1581.03
952.34	1613.80
952.51	1611.75
952.67	1591.27
952.84	1519.59
953.01	1650.66
953.18	1472.49
953.35	1578.98
953.51	1505.26
953.68	1593.32
953.85	1535.98
954.02	1509.35
954.19	1533.93
954.36	1501.16
954.52	1617.90
954.69	1607.66
954.86	1556.46
955.03	1546.22
955.20	1542.12
955.36	1617.90
955.53	1515.50
955.70	1667.05
955.87	1597.42
956.04	1591.27
956.20	1617.90
956.37	1572.84
956.54	1568.74
956.71	1581.03
956.87	1576.94
957.04	1566.70
957.21	1581.03
957.38	1626.09
957.55	1546.22
957.71	1630.18
957.88	1546.22
958.05	1605.61
958.22	1513.45
958.38	1562.60
958.55	1576.94
958.72	1578.98
958.89	1548.26
959.06	1581.03
959.22	1695.72
959.39	1576.94
959.56	1486.83
959.73	1578.98
959.89	1509.35
960.06	1546.22
960.23	1648.61
960.40	1542.12
960.56	1601.51
960.73	1601.51
960.90	1507.30
961.06	1535.98
961.23	1568.74
961.40	1523.69
961.57	1550.31
961.73	1476.59
961.90	1458.15
962.07	1499.11
962.24	1630.18
962.40	1511.40
962.57	1482.73
962.74	1587.18
962.91	1634.28
963.07	1523.69
963.24	1654.76
963.41	1527.78
963.57	1535.98
963.74	1570.79
963.91	1486.83
964.07	1560.55
964.24	1585.13
964.41	1628.14
964.58	1517.54
964.74	1529.83
964.91	1472.49
965.08	1538.02
965.24	1488.87
965.41	1593.32
965.58	1560.55
965.74	1587.18
965.91	1597.42
966.08	1578.98
966.25	1546.22
966.41	1570.79
966.58	1554.41
966.75	1585.13
966.91	1568.74
967.08	1556.46
967.25	1535.98
967.41	1544.17
967.58	1570.79
967.75	1648.61
967.91	1535.98
968.08	1554.41
968.25	1558.50
968.41	1593.32
968.58	1572.84
968.75	1513.45
968.91	1566.70
969.08	1583.08
969.25	1679.33
969.41	1568.74
969.58	1515.50
969.74	1581.03
969.91	1562.60
970.08	1576.94
970.24	1488.87
970.41	1552.36
970.58	1554.41
970.74	1572.84
970.91	1572.84
971.08	1513.45
971.24	1562.60
971.41	1546.22
971.58	1511.40
971.74	1568.74
971.91	1626.09
972.07	1589.22
972.24	1638.38
972.41	1609.70
972.57	1624.04
972.74	1503.21
972.90	1544.17
973.07	1644.52
973.24	1517.54
973.40	1523.69
973.57	1507.30
973.73	1613.80
973.90	1476.59
974.07	1566.70
974.23	1544.17
974.40	1597.42
974.56	1560.55
974.73	1572.84
974.90	1636.33
975.06	1533.93
975.23	1683.43
975.39	1595.37
975.56	1589.22
975.73	1492.97
975.89	1593.32
976.06	1587.18
976.22	1583.08
976.39	1609.70
976.56	1585.13
976.72	1581.03
976.89	1519.59
977.05	1535.98
977.22	1570.79
977.38	1617.90
977.55	1642.47
977.71	1644.52
977.88	1542.12
978.05	1595.37
978.21	1523.69
978.38	1560.55
978.54	1667.05
978.71	1515.50
978.87	1490.92
979.04	1642.47
979.20	1482.73
979.37	1495.02
979.54	1578.98
979.70	1662.95
979.87	1611.75
980.03	1495.02
980.20	1535.98
980.36	1607.66
980.53	1574.89
980.69	1523.69
980.86	1558.50
981.02	1480.68
981.19	1574.89
981.35	1581.03
981.52	1515.50
981.68	1587.18
981.85	1601.51
982.01	1544.17
982.18	1634.28
982.34	1499.11
982.51	1595.37
982.68	1617.90
982.84	1605.61
983.01	1564.65
983.17	1581.03
983.34	1589.22
983.50	1548.26
983.67	1535.98
983.83	1609.70
984.00	1570.79
984.16	1572.84
984.32	1640.42
984.49	1615.85
984.65	1552.36
984.82	1605.61
984.98	1562.60
985.15	1482.73
985.31	1583.08
985.48	1564.65
985.64	1548.26
985.81	1476.59
985.97	1581.03
986.14	1578.98
986.30	1607.66
986.47	1560.55
986.63	1519.59
986.80	1462.25
986.96	1589.22
987.13	1540.07
987.29	1654.76
987.45	1595.37
987.62	1542.12
987.78	1564.65
987.95	1566.70
988.11	1603.56
988.28	1615.85
988.44	1597.42
988.61	1503.21
988.77	1523.69
988.94	1630.18
989.10	1546.22
989.26	1548.26
989.43	1552.36
989.59	1533.93
989.76	1515.50
989.92	1601.51
990.09	1583.08
990.25	1550.31
990.41	1607.66
990.58	1642.47
990.74	1609.70
990.91	1578.98
991.07	1556.46
991.23	1497.07
991.40	1486.83
991.56	1556.46
991.73	1472.49
991.89	1560.55
992.06	1523.69
992.22	1593.32
992.38	1523.69
992.55	1538.02
992.71	1458.15
992.88	1595.37
993.04	1540.07
993.20	1621.99
993.37	1599.46
993.53	1505.26
993.69	1507.30
993.86	1677.29
994.02	1521.64
994.19	1546.22
994.35	1585.13
994.51	1550.31
994.68	1505.26
994.84	1583.08
995.01	1548.26
995.17	1533.93
995.33	1525.74
995.50	1613.80
995.66	1595.37
995.82	1648.61
995.99	1572.84
996.15	1497.07
996.31	1546.22
996.48	1617.90
996.64	1499.11
996.81	1542.12
996.97	1519.59
997.13	1542.12
997.30	1556.46
997.46	1583.08
997.62	1499.11
997.79	1552.36
997.95	1593.32
998.11	1472.49
998.28	1562.60
998.44	1505.26
998.60	1564.65
998.77	1697.77
998.93	1492.97
999.09	1533.93
999.26	1619.94
999.42	1513.45
999.58	1591.27
999.75	1540.07
999.91	1546.22
1000.07	1552.36
1000.24	1585.13
1000.40	1482.73
1000.56	1544.17
1000.72	1556.46
1000.89	1546.22
1001.05	1542.12
1001.21	1638.38
1001.38	1665.00
1001.54	1542.12
1001.70	1523.69
1001.87	1533.93
1002.03	1607.66
1002.19	1490.92
1002.35	1595.37
1002.52	1531.88
1002.68	1507.30
1002.84	1535.98
1003.01	1525.74
1003.17	1527.78
1003.33	1529.83
1003.49	1525.74
1003.66	1568.74
1003.82	1617.90
1003.98	1513.45
1004.15	1546.22
1004.31	1570.79
1004.47	1552.36
1004.63	1578.98
1004.80	1535.98
1004.96	1566.70
1005.12	1599.46
1005.28	1495.02
1005.45	1548.26
1005.61	1658.85
1005.77	1626.09
1005.93	1599.46
1006.10	1560.55
1006.26	1484.78
1006.42	1503.21
1006.58	1550.31
1006.75	1585.13
1006.91	1605.61
1007.07	1488.87
1007.23	1638.38
1007.40	1519.59
1007.56	1552.36
1007.72	1566.70
1007.88	1652.71
1008.05	1593.32
1008.21	1562.60
1008.37	1548.26
1008.53	1562.60
1008.69	1527.78
1008.86	1593.32
1009.02	1554.41
1009.18	1593.32
1009.34	1488.87
1009.51	1542.12
1009.67	1576.94
1009.83	1601.51
1009.99	1535.98
1010.15	1535.98
1010.32	1527.78
1010.48	1634.28
1010.64	1548.26
1010.80	1529.83
1010.96	1503.21
1011.13	1544.17
1011.29	1593.32
1011.45	1497.07
1011.61	1599.46
1011.77	1581.03
1011.94	1519.59
1012.10	1574.89
1012.26	1626.09
1012.42	1548.26
1012.58	1583.08
1012.74	1523.69
1012.91	1583.08
1013.07	1542.12
1013.23	1626.09
1013.39	1495.02
1013.55	1568.74
1013.71	1613.80
1013.88	1495.02
1014.04	1597.42
1014.20	1544.17
1014.36	1628.14
1014.52	1640.42
1014.68	1642.47
1014.85	1542.12
1015.01	1550.31
1015.17	1497.07
1015.33	1581.03
1015.49	1595.37
1015.65	1609.70
1015.81	1560.55
1015.98	1570.79
1016.14	1538.02
1016.30	1615.85
1016.46	1464.30
1016.62	1562.60
1016.78	1507.30
1016.94	1515.50
1017.11	1589.22
1017.27	1587.18
1017.43	1544.17
1017.59	1509.35
1017.75	1542.12
1017.91	1667.05
1018.07	1628.14
1018.23	1531.88
1018.39	1552.36
1018.56	1570.79
1018.72	1507.30
1018.88	1576.94
1019.04	1566.70
1019.20	1687.53
1019.36	1445.87
1019.52	1527.78
1019.68	1669.09
1019.84	1617.90
1020.01	1576.94
1020.17	1583.08
1020.33	1576.94
1020.49	1529.83
1020.65	1540.07
1020.81	1531.88
1020.97	1558.50
1021.13	1576.94
1021.29	1585.13
1021.45	1554.41
1021.61	1617.90
1021.77	1554.41
1021.94	1650.66
1022.10	1552.36
1022.26	1515.50
1022.42	1550.31
1022.58	1501.16
1022.74	1634.28
1022.90	1540.07
1023.06	1615.85
1023.22	1535.98
1023.38	1507.30
1023.54	1560.55
1023.70	1540.07
1023.86	1603.56
1024.02	1595.37
1024.18	1538.02
1024.34	1542.12
1024.50	1546.22
1024.66	1662.95
1024.83	1507.30
1024.99	1589.22
1025.15	1509.35
1025.31	1599.46
1025.47	1589.22
1025.63	1619.94
1025.79	1488.87
1025.95	1529.83
1026.11	1552.36
1026.27	1593.32
1026.43	1605.61
1026.59	1556.46
1026.75	1761.25
1026.91	1535.98
1027.07	1519.59
1027.23	1550.31
1027.39	1552.36
1027.55	1503.21
1027.71	1638.38
1027.87	1621.99
1028.03	1589.22
1028.19	1626.09
1028.35	1560.55
1028.51	1540.07
1028.67	1581.03
1028.83	1531.88
1028.99	1673.19
1029.15	1544.17
1029.31	1568.74
1029.47	1529.83
1029.63	1507.30
1029.79	1533.93
1029.95	1560.55
1030.11	1519.59
1030.27	1521.64
1030.43	1685.48
1030.59	1548.26
1030.75	1595.37
1030.91	1513.45
1031.07	1546.22
1031.23	1585.13
1031.39	1509.35
1031.55	1669.09
1031.70	1665.00
1031.86	1542.12
1032.02	1472.49
1032.18	1507.30
1032.34	1603.56
1032.50	1595.37
1032.66	1669.09
1032.82	1560.55
1032.98	1658.85
1033.14	1531.88
1033.30	1538.02
1033.46	1615.85
1033.62	1587.18
1033.78	1523.69
1033.94	1593.32
1034.10	1548.26
1034.26	1599.46
1034.42	1560.55
1034.57	1535.98
1034.73	1578.98
1034.89	1568.74
>>>>>End Processed Spectral Data<<<<<
