539.866 8.158
540.044 7.160
540.222 20.162
540.401 17.164
540.579 10.167
540.757 15.169
540.935 12.171
541.113 8.173
541.292 4.176
541.470 39.178
541.648 8.180
541.826 26.182
542.004 1.185
542.182 12.187
542.360 20.189
542.538 14.192
542.716 -2.806
542.894 11.196
543.071 9.199
543.249 9.201
543.427 20.204
543.605 21.206
543.783 14.208
543.960 23.211
544.138 10.213
544.316 25.216
544.493 42.218
544.671 21.220
544.849 19.223
545.026 18.225
545.204 5.228
545.381 8.230
545.559 13.233
545.736 5.235
545.914 16.238
546.091 1.240
546.269 22.243
546.446 21.245
546.623 19.248
546.801 26.251
546.978 -5.747
547.155 13.256
547.332 22.258
547.510 17.261
547.687 24.263
547.864 17.266
548.041 21.269
548.218 18.271
548.395 9.274
548.572 14.276
548.750 9.279
548.927 14.282
549.104 29.284
549.280 18.287
549.457 16.290
549.634 15.292
549.811 15.295
549.988 15.297
550.165 21.300
550.342 27.303
550.518 22.305
550.695 22.308
550.872 15.311
551.049 27.314
551.225 2.316
551.402 10.319
551.579 19.322
551.755 21.324
551.932 38.327
552.108 27.330
552.285 26.333
552.461 26.335
552.638 20.338
552.814 22.341
552.991 28.344
553.167 24.346
553.343 9.349
553.520 7.352
553.696 23.355
553.872 19.357
554.048 20.360
554.225 26.363
554.401 16.366
554.577 11.368
554.753 7.371
554.929 11.374
555.105 17.377
555.282 7.380
555.458 18.382
555.634 7.385
555.810 12.388
555.986 16.391
556.162 16.394
556.337 28.396
556.513 13.399
556.689 15.402
556.865 31.405
557.041 24.408
557.217 13.411
557.392 9.413
557.568 12.416
557.744 6.419
557.920 23.422
558.095 35.425
558.271 17.427
558.446 22.430
558.622 37.433
558.798 21.436
558.973 25.439
559.149 10.442
559.324 25.445
559.500 27.447
559.675 14.450
559.850 10.453
560.026 10.456
560.201 -2.541
560.376 5.462
560.552 -3.536
560.727 8.467
560.902 3.470
561.077 13.473
561.253 16.476
561.428 13.479
561.603 19.482
561.778 10.484
561.953 10.487
562.128 4.490
562.303 9.493
562.478 27.496
562.653 26.499
562.828 6.502
563.003 2.504
563.178 9.507
563.353 28.510
563.528 23.513
563.702 -0.484
563.877 20.519
564.052 16.522
564.227 15.524
564.402 8.527
564.576 9.530
564.751 12.533
564.926 15.536
565.100 12.539
565.275 17.542
565.449 16.544
565.624 11.547
565.798 15.550
565.973 21.553
566.147 13.556
566.322 -3.441
566.496 20.562
566.671 3.564
566.845 15.567
567.019 20.570
567.193 7.573
567.368 5.576
567.542 13.579
567.716 16.581
567.890 19.584
568.065 27.587
568.239 15.590
568.413 24.593
568.587 18.596
568.761 17.598
568.935 11.601
569.109 12.604
569.283 8.607
569.457 14.610
569.631 7.612
569.805 11.615
569.979 5.618
570.153 3.621
570.327 9.624
570.500 8.627
570.674 10.629
570.848 17.632
571.022 19.635
571.195 15.638
571.369 16.641
571.543 6.643
571.716 8.646
571.890 12.649
572.063 15.652
572.237 -0.346
572.411 -3.343
572.584 5.660
572.757 17.663
572.931 18.666
573.104 18.668
573.278 15.671
573.451 28.674
573.624 19.677
573.798 26.679
573.971 11.682
574.144 12.685
574.318 15.688
574.491 17.690
574.664 10.693
574.837 11.696
575.010 23.699
575.183 16.701
575.356 18.704
575.529 8.707
575.703 9.709
575.876 4.712
576.048 11.715
576.221 29.718
576.394 13.720
576.567 11.723
576.740 8.726
576.913 17.728
577.086 7.731
577.259 12.734
577.431 8.736
577.604 30.739
577.777 17.742
577.950 27.744
578.122 16.747
578.295 20.750
578.467 7.752
578.640 21.755
578.813 31.758
578.985 13.760
579.158 15.763
579.330 26.766
579.503 25.768
579.675 6.771
579.847 24.774
580.020 10.776
580.192 6.779
580.364 19.781
580.537 20.784
580.709 15.787
580.881 28.789
581.054 26.792
581.226 5.794
581.398 27.797
581.570 24.800
581.742 24.802
581.914 16.805
582.086 26.807
582.258 28.810
582.430 34.813
582.602 26.815
582.774 24.818
582.946 29.820
583.118 25.823
583.290 7.825
583.462 21.828
583.634 7.830
583.806 21.833
583.977 4.835
584.149 21.838
584.321 15.841
584.493 19.843
584.664 21.846
584.836 15.848
585.007 21.851
585.179 19.853
585.351 28.856
585.522 16.858
585.694 6.861
585.865 22.863
586.037 19.865
586.208 8.868
586.380 19.870
586.551 10.873
586.722 3.875
586.894 13.878
587.065 14.880
587.236 20.883
587.407 16.885
587.579 18.888
587.750 7.890
587.921 21.892
588.092 -0.105
588.263 20.897
588.434 21.900
588.606 36.902
588.777 19.904
588.948 18.907
589.119 18.909
589.290 18.912
589.461 11.914
589.631 24.916
589.802 8.919
589.973 17.921
590.144 14.923
590.315 11.926
590.486 18.928
590.656 17.931
590.827 25.933
590.998 17.935
591.169 14.938
591.339 20.940
591.510 23.942
591.681 15.945
591.851 22.947
592.022 11.949
592.192 11.951
592.363 17.954
592.533 16.956
592.704 1.958
592.874 9.961
593.044 28.963
593.215 20.965
593.385 20.967
593.556 16.970
593.726 22.972
593.896 16.974
594.066 21.977
594.237 9.979
594.407 15.981
594.577 19.983
594.747 18.985
594.917 31.988
595.087 35.990
595.257 8.992
595.427 10.994
595.597 22.997
595.767 21.999
595.937 17.001
596.107 10.003
596.277 18.005
596.447 8.008
596.617 9.010
596.787 27.012
596.957 10.014
597.126 9.016
597.296 28.018
597.466 14.021
597.635 12.023
597.805 22.025
597.975 21.027
598.144 5.029
598.314 18.031
598.484 17.033
598.653 8.036
598.823 28.038
598.992 9.040
599.162 15.042
599.331 14.044
599.500 31.046
599.670 3.048
599.839 7.050
600.009 14.052
600.178 5.054
600.347 22.057
600.516 12.059
600.686 12.061
600.855 12.063
601.024 28.065
601.193 23.067
601.362 18.069
601.531 13.071
601.700 24.073
601.869 19.075
602.038 16.077
602.207 17.079
602.376 10.081
602.545 18.083
602.714 38.085
602.883 5.087
603.052 19.089
603.221 12.091
603.390 17.093
603.559 22.095
603.727 23.097
603.896 24.099
604.065 16.101
604.233 25.103
604.402 12.105
604.571 12.107
604.739 11.109
604.908 23.111
605.076 8.113
605.245 2.115
605.413 11.117
605.582 20.118
605.750 -0.880
605.919 21.122
606.087 32.124
606.256 26.126
606.424 19.128
606.592 25.130
606.761 17.132
606.929 9.134
607.097 16.136
607.265 23.137
607.433 21.139
607.602 22.141
607.770 11.143
607.938 9.145
608.106 24.147
608.274 17.149
608.442 0.151
608.610 11.152
608.778 22.154
608.946 13.156
609.114 28.158
609.282 6.160
609.450 10.162
609.618 14.163
609.785 14.165
609.953 19.167
610.121 26.169
610.289 14.171
610.456 11.172
610.624 8.174
610.792 16.176
610.959 10.178
611.127 17.180
611.295 21.181
611.462 22.183
611.630 27.185
611.797 27.187
611.965 20.188
612.132 27.190
612.300 17.192
612.467 11.194
612.634 13.195
612.802 16.197
612.969 18.199
613.136 19.201
613.304 32.202
613.471 -0.796
613.638 18.206
613.805 8.207
613.973 14.209
614.140 26.211
614.307 5.212
614.474 8.214
614.641 19.216
614.808 12.218
614.975 15.219
615.142 16.221
615.309 24.223
615.476 13.224
615.643 9.226
615.810 9.228
615.977 27.229
616.143 19.231
616.310 15.232
616.477 44.234
616.644 21.236
616.811 4.237
616.977 14.239
617.144 9.241
617.311 16.242
617.477 26.244
617.644 18.245
617.810 22.247
617.977 23.249
618.143 26.250
618.310 10.252
618.476 10.253
618.643 12.255
618.809 24.257
618.976 8.258
619.142 9.260
619.308 12.261
619.475 28.263
619.641 24.265
619.807 24.266
619.974 32.268
620.140 17.269
620.306 32.271
620.472 23.272
620.638 1.274
620.804 7.275
620.970 26.277
621.136 16.278
621.303 13.280
621.469 13.281
621.634 21.283
621.800 2.284
621.966 29.286
622.132 9.287
622.298 24.289
622.464 18.290
622.630 10.292
622.796 -8.707
622.961 4.295
623.127 21.296
623.293 23.298
623.459 24.299
623.624 26.301
623.790 26.302
623.955 21.304
624.121 24.305
624.287 16.307
624.452 5.308
624.618 24.310
624.783 28.311
624.949 11.312
625.114 28.314
625.279 16.315
625.445 7.317
625.610 20.318
625.775 -2.680
625.941 0.321
626.106 30.322
626.271 20.324
626.437 23.325
626.602 11.327
626.767 7.328
626.932 18.329
627.097 9.331
627.262 15.332
627.427 14.334
627.592 -5.665
627.757 11.336
627.922 38.338
628.087 16.339
628.252 17.340
628.417 33.342
628.582 30.343
628.747 0.345
628.912 25.346
629.077 18.347
629.241 24.349
629.406 12.350
629.571 24.351
629.736 22.353
629.900 16.354
630.065 21.355
630.230 10.357
630.394 15.358
630.559 21.359
630.723 20.361
630.888 14.362
631.052 25.363
631.217 29.364
631.381 15.366
631.546 25.367
631.710 17.368
631.874 10.370
632.039 25.371
632.203 22.372
632.367 25.373
632.532 26.375
632.696 8.376
632.860 19.377
633.024 17.379
633.188 22.380
633.352 14.381
633.517 16.382
633.681 11.384
633.845 6.385
634.009 20.386
634.173 14.387
634.337 6.389
634.501 15.390
634.665 37.391
634.828 8.392
634.992 5.394
635.156 18.395
635.320 32.396
635.484 10.397
635.648 25.398
635.811 16.400
635.975 17.401
636.139 16.402
636.302 10.403
636.466 5.404
636.630 9.406
636.793 11.407
636.957 5.408
637.120 10.409
637.284 9.410
637.447 25.412
637.611 14.413
637.774 8.414
637.938 25.415
638.101 12.416
638.264 11.417
638.428 17.419
638.591 18.420
638.754 17.421
638.917 33.422
639.081 15.423
639.244 16.424
639.407 23.425
639.570 14.427
639.733 2.428
639.896 3.429
640.059 21.430
640.222 18.431
640.385 32.432
640.548 18.433
640.711 9.435
640.874 21.436
641.037 23.437
641.200 15.438
641.363 14.439
641.526 9.440
641.689 12.441
641.851 22.442
642.014 8.443
642.177 7.445
642.340 8.446
642.502 13.447
642.665 3.448
642.828 15.449
642.990 13.450
643.153 28.451
643.315 18.452
643.478 22.453
643.640 8.454
643.803 18.455
643.965 7.456
644.128 11.457
644.290 4.459
644.452 16.460
644.615 39.461
644.777 20.462
644.939 31.463
645.101 18.464
645.264 13.465
645.426 21.466
645.588 23.467
645.750 17.468
645.912 19.469
646.074 32.470
646.237 34.471
646.399 18.472
646.561 10.473
646.723 25.474
646.885 19.475
647.047 31.476
647.208 35.477
647.370 35.478
647.532 29.479
647.694 21.480
647.856 16.481
648.018 11.482
648.179 24.483
648.341 14.484
648.503 9.485
648.665 32.486
648.826 24.487
648.988 11.488
649.149 15.489
649.311 20.490
649.473 36.491
649.634 22.492
649.796 37.493
649.957 29.494
650.119 5.495
650.280 13.496
650.441 12.497
650.603 15.498
650.764 18.499
650.925 27.500
651.087 22.501
651.248 28.502
651.409 24.503
651.570 24.504
651.732 23.504
651.893 12.505
652.054 29.506
652.215 40.507
652.376 16.508
652.537 22.509
652.698 21.510
652.859 27.511
653.020 24.512
653.181 39.513
653.342 22.514
653.503 26.515
653.664 14.516
653.825 18.516
653.986 13.517
654.146 8.518
654.307 21.519
654.468 22.520
654.629 27.521
654.789 26.522
654.950 31.523
655.111 16.524
655.271 9.525
655.432 13.525
655.592 23.526
655.753 11.527
655.913 29.528
656.074 15.529
656.234 -0.470
656.395 21.531
656.555 30.532
656.716 14.533
656.876 13.533
657.036 15.534
657.197 -0.465
657.357 10.536
657.517 35.537
657.677 13.538
657.838 15.539
657.998 30.539
658.158 12.540
658.318 26.541
658.478 26.542
658.638 15.543
658.798 18.544
658.958 13.544
659.118 20.545
659.278 19.546
659.438 13.547
659.598 20.548
659.758 15.549
659.918 22.550
660.078 20.550
660.238 28.551
660.397 43.552
660.557 28.553
660.717 3.554
660.876 17.554
661.036 17.555
661.196 17.556
661.355 16.557
661.515 31.558
661.675 18.558
661.834 16.559
661.994 22.560
662.153 31.561
662.313 24.562
662.472 14.562
662.632 10.563
662.791 17.564
662.950 29.565
663.110 23.566
663.269 4.566
663.428 17.567
663.588 14.568
663.747 10.569
663.906 15.570
664.065 25.570
664.224 18.571
664.383 18.572
664.543 13.573
664.702 35.573
664.861 20.574
665.020 28.575
665.179 19.576
665.338 18.577
665.497 30.577
665.656 37.578
665.815 11.579
665.973 12.580
666.132 25.580
666.291 18.581
666.450 20.582
666.609 24.583
666.767 18.583
666.926 18.584
667.085 13.585
667.243 31.586
667.402 17.586
667.561 21.587
667.719 26.588
667.878 29.588
668.036 18.589
668.195 28.590
668.353 21.591
668.512 19.591
668.670 33.592
668.829 22.593
668.987 17.594
669.145 29.594
669.304 28.595
669.462 1.596
669.620 8.596
669.779 24.597
669.937 12.598
670.095 14.599
670.253 23.599
670.411 4.600
670.569 30.601
670.728 9.601
670.886 20.602
671.044 11.603
671.202 12.603
671.360 17.604
671.518 31.605
671.676 30.606
671.833 17.606
671.991 19.607
672.149 10.608
672.307 10.608
672.465 12.609
672.623 5.610
672.780 24.610
672.938 13.611
673.096 24.612
673.254 35.612
673.411 16.613
673.569 8.614
673.726 23.614
673.884 29.615
674.042 30.616
674.199 16.616
674.357 8.617
674.514 19.618
674.671 22.618
674.829 25.619
674.986 13.620
675.144 19.620
675.301 22.621
675.458 22.622
675.616 29.622
675.773 32.623
675.930 11.624
676.087 24.624
676.244 16.625
676.402 21.626
676.559 3.626
676.716 17.627
676.873 3.627
677.030 15.628
677.187 36.629
677.344 36.629
677.501 23.630
677.658 24.631
677.815 33.631
677.972 22.632
678.129 12.632
678.285 38.633
678.442 28.634
678.599 18.634
678.756 18.635
678.913 4.636
679.069 18.636
679.226 9.637
679.383 27.637
679.539 21.638
679.696 18.639
679.853 13.639
680.009 31.640
680.166 24.641
680.322 19.641
680.479 20.642
680.635 24.642
680.791 17.643
680.948 15.644
681.104 6.644
681.261 17.645
681.417 7.645
681.573 31.646
681.730 22.647
681.886 21.647
682.042 19.648
682.198 30.648
682.354 43.649
682.510 23.649
682.667 18.650
682.823 28.651
682.979 18.651
683.135 18.652
683.291 28.652
683.447 19.653
683.603 1.654
683.759 9.654
683.915 27.655
684.071 18.655
684.226 22.656
684.382 19.656
684.538 12.657
684.694 20.658
684.850 26.658
685.005 29.659
685.161 22.659
685.317 25.660
685.472 17.660
685.628 29.661
685.783 23.661
685.939 6.662
686.095 18.663
686.250 17.663
686.406 31.664
686.561 17.664
686.717 13.665
686.872 24.665
687.027 14.666
687.183 7.666
687.338 19.667
687.493 6.668
687.649 25.668
687.804 25.669
687.959 28.669
688.114 24.670
688.269 32.670
688.425 27.671
688.580 9.671
688.735 -3.328
688.890 -2.328
689.045 10.673
689.200 16.673
689.355 25.674
689.510 25.675
689.665 26.675
689.820 12.676
689.975 9.676
690.130 40.677
690.284 29.677
690.439 33.678
690.594 29.678
690.749 29.679
690.904 32.679
691.058 15.680
691.213 18.680
691.368 27.681
691.522 25.681
691.677 15.682
691.831 5.682
691.986 9.683
692.141 32.683
692.295 20.684
692.450 16.684
692.604 20.685
692.758 29.685
692.913 9.686
693.067 17.686
693.222 23.687
693.376 15.687
693.530 24.688
693.684 5.688
693.839 13.689
693.993 26.689
694.147 24.690
694.301 19.690
694.455 1.691
694.610 12.691
694.764 15.692
694.918 9.692
695.072 26.693
695.226 46.693
695.380 10.694
695.534 29.694
695.688 34.695
695.841 16.695
695.995 29.696
696.149 33.696
696.303 39.697
696.457 21.697
696.611 21.698
696.764 26.698
696.918 31.699
697.072 20.699
697.225 33.700
697.379 19.700
697.533 18.700
697.686 23.701
697.840 20.701
697.993 31.702
698.147 30.702
698.300 30.703
698.454 32.703
698.607 40.704
698.761 39.704
698.914 23.705
699.067 16.705
699.221 30.706
699.374 36.706
699.527 24.706
699.681 23.707
699.834 13.707
699.987 35.708
700.140 28.708
700.293 13.709
700.447 50.709
700.600 29.710
700.753 14.710
700.906 36.711
701.059 39.711
701.212 34.711
701.365 30.712
701.518 38.712
701.671 24.713
701.823 29.713
701.976 43.714
702.129 20.714
702.282 19.715
702.435 30.715
702.588 31.715
702.740 20.716
702.893 34.716
703.046 43.717
703.198 15.717
703.351 26.718
703.504 33.718
703.656 43.718
703.809 32.719
703.961 26.719
704.114 41.720
704.266 27.720
704.419 30.721
704.571 28.721
704.723 22.721
704.876 50.722
705.028 31.722
705.181 30.723
705.333 32.723
705.485 31.724
705.637 35.724
705.790 43.724
705.942 24.725
706.094 29.725
706.246 30.726
706.398 31.726
706.550 40.726
706.702 30.727
706.854 18.727
707.006 38.728
707.158 41.728
707.310 33.729
707.462 44.729
707.614 30.729
707.766 44.730
707.918 25.730
708.070 31.731
708.221 32.731
708.373 35.731
708.525 22.732
708.677 22.732
708.828 32.733
708.980 39.733
709.132 32.733
709.283 23.734
709.435 12.734
709.586 37.735
709.738 47.735
709.889 50.735
710.041 38.736
710.192 52.736
710.344 50.737
710.495 51.737
710.647 28.737
710.798 56.738
710.949 39.738
711.101 40.738
711.252 28.739
711.403 29.739
711.554 40.740
711.706 41.740
711.857 50.740
712.008 31.741
712.159 46.741
712.310 42.742
712.461 31.742
712.612 34.742
712.763 44.743
712.914 37.743
713.065 52.743
713.216 48.744
713.367 47.744
713.518 40.745
713.669 59.745
713.820 46.745
713.970 45.746
714.121 42.746
714.272 34.746
714.423 29.747
714.573 38.747
714.724 65.748
714.875 46.748
715.025 47.748
715.176 42.749
715.327 39.749
715.477 53.749
715.628 32.750
715.778 27.750
715.929 42.751
716.079 38.751
716.229 43.751
716.380 37.752
716.530 55.752
716.681 58.752
716.831 44.753
716.981 56.753
717.131 57.753
717.282 44.754
717.432 44.754
717.582 49.754
717.732 45.755
717.882 55.755
718.032 40.756
718.183 38.756
718.333 53.756
718.483 49.757
718.633 44.757
718.783 46.757
718.933 67.758
719.082 51.758
719.232 36.758
719.382 34.759
719.532 44.759
719.682 42.759
719.832 49.760
719.981 36.760
720.131 50.760
720.281 58.761
720.431 59.761
720.580 58.761
720.730 44.762
720.880 60.762
721.029 33.762
721.179 43.763
721.328 69.763
721.478 50.763
721.627 41.764
721.777 57.764
721.926 57.764
722.076 32.765
722.225 38.765
722.374 67.765
722.524 42.766
722.673 46.766
722.822 64.766
722.971 43.767
723.121 64.767
723.270 51.767
723.419 39.768
723.568 51.768
723.717 64.768
723.866 62.769
724.015 48.769
724.164 48.769
724.313 51.770
724.462 59.770
724.611 46.770
724.760 55.771
724.909 56.771
725.058 42.771
725.207 62.772
725.356 45.772
725.505 56.772
725.653 66.773
725.802 60.773
725.951 51.773
726.100 48.774
726.248 49.774
726.397 40.774
726.546 44.774
726.694 58.775
726.843 43.775
726.991 39.775
727.140 66.776
727.288 62.776
727.437 63.776
727.585 59.777
727.734 64.777
727.882 69.777
728.030 67.778
728.179 50.778
728.327 66.778
728.475 48.778
728.624 59.779
728.772 49.779
728.920 53.779
729.068 55.780
729.216 51.780
729.364 49.780
729.513 44.781
729.661 48.781
729.809 63.781
729.957 74.782
730.105 60.782
730.253 62.782
730.401 58.782
730.549 53.783
730.696 59.783
730.844 65.783
730.992 69.784
731.140 73.784
731.288 71.784
731.436 75.784
731.583 55.785
731.731 73.785
731.879 59.785
732.026 46.786
732.174 51.786
732.322 51.786
732.469 56.787
732.617 74.787
732.764 66.787
732.912 56.787
733.059 61.788
733.207 63.788
733.354 82.788
733.502 61.789
733.649 48.789
733.796 69.789
733.944 69.789
734.091 63.790
734.238 78.790
734.385 54.790
734.533 57.791
734.680 62.791
734.827 57.791
734.974 51.791
735.121 64.792
735.268 64.792
735.415 62.792
735.562 69.793
735.709 67.793
735.856 69.793
736.003 55.793
736.150 60.794
736.297 49.794
736.444 63.794
736.591 54.794
736.738 72.795
736.885 69.795
737.031 64.795
737.178 69.796
737.325 69.796
737.472 72.796
737.618 67.796
737.765 81.797
737.911 57.797
738.058 56.797
738.205 54.797
738.351 71.798
738.498 72.798
738.644 45.798
738.791 74.799
738.937 85.799
739.083 72.799
739.230 80.799
739.376 54.800
739.523 71.800
739.669 57.800
739.815 71.800
739.961 62.801
740.108 82.801
740.254 81.801
740.400 65.801
740.546 64.802
740.692 63.802
740.838 68.802
740.984 71.802
741.131 58.803
741.277 79.803
741.423 67.803
741.568 88.803
741.714 89.804
741.860 81.804
742.006 66.804
742.152 55.805
742.298 75.805
742.444 79.805
742.590 70.805
742.735 89.806
742.881 88.806
743.027 66.806
743.172 63.806
743.318 83.807
743.464 74.807
743.609 76.807
743.755 71.807
743.900 67.808
744.046 75.808
744.192 73.808
744.337 67.808
744.482 67.809
744.628 71.809
744.773 72.809
744.919 85.809
745.064 67.810
745.209 75.810
745.355 64.810
745.500 87.810
745.645 62.811
745.790 79.811
745.936 68.811
746.081 74.811
746.226 69.811
746.371 88.812
746.516 65.812
746.661 74.812
746.806 75.812
746.951 79.813
747.096 78.813
747.241 75.813
747.386 66.813
747.531 91.814
747.676 74.814
747.821 77.814
747.965 73.814
748.110 78.815
748.255 68.815
748.400 70.815
748.544 79.815
748.689 63.816
748.834 71.816
748.978 80.816
749.123 92.816
749.268 88.816
749.412 74.817
749.557 82.817
749.701 82.817
749.846 76.817
749.990 85.818
750.135 74.818
750.279 84.818
750.423 92.818
750.568 89.819
750.712 67.819
750.856 78.819
751.001 81.819
751.145 91.819
751.289 84.820
751.433 101.820
751.578 85.820
751.722 89.820
751.866 76.821
752.010 85.821
752.154 73.821
752.298 96.821
752.442 89.821
752.586 75.822
752.730 87.822
752.874 82.822
753.018 91.822
753.162 81.823
753.306 94.823
753.449 107.823
753.593 83.823
753.737 82.823
753.881 84.824
754.025 86.824
754.168 84.824
754.312 78.824
754.456 72.825
754.599 89.825
754.743 90.825
754.886 78.825
755.030 70.825
755.173 96.826
755.317 78.826
755.460 70.826
755.604 93.826
755.747 96.827
755.891 89.827
756.034 86.827
756.177 87.827
756.321 88.827
756.464 103.828
756.607 107.828
756.751 97.828
756.894 92.828
757.037 97.828
757.180 76.829
757.323 90.829
757.466 91.829
757.609 92.829
757.752 91.830
757.896 95.830
758.039 111.830
758.181 96.830
758.324 88.830
758.467 100.831
758.610 84.831
758.753 84.831
758.896 99.831
759.039 109.831
759.182 86.832
759.324 87.832
759.467 109.832
759.610 114.832
759.753 101.832
759.895 97.833
760.038 108.833
760.180 96.833
760.323 106.833
760.466 94.833
760.608 94.834
760.751 111.834
760.893 101.834
761.036 111.834
761.178 103.834
761.320 111.835
761.463 110.835
761.605 115.835
761.747 105.835
761.890 120.835
762.032 95.836
762.174 99.836
762.317 102.836
762.459 97.836
762.601 89.836
762.743 110.837
762.885 103.837
763.027 97.837
763.169 81.837
763.311 90.837
763.453 107.838
763.595 108.838
763.737 116.838
763.879 115.838
764.021 107.838
764.163 99.839
764.305 122.839
764.447 107.839
764.589 113.839
764.730 110.839
764.872 116.840
765.014 93.840
765.156 106.840
765.297 114.840
765.439 94.840
765.580 118.840
765.722 121.841
765.864 144.841
766.005 132.841
766.147 109.841
766.288 115.841
766.430 128.842
766.571 128.842
766.713 129.842
766.854 121.842
766.995 128.842
767.137 132.843
767.278 121.843
767.419 127.843
767.560 128.843
767.702 116.843
767.843 142.843
767.984 109.844
768.125 104.844
768.266 137.844
768.408 116.844
768.549 130.844
768.690 134.845
768.831 133.845
768.972 113.845
769.113 123.845
769.254 128.845
769.395 110.846
769.535 121.846
769.676 148.846
769.817 132.846
769.958 136.846
770.099 139.846
770.240 129.847
770.380 129.847
770.521 122.847
770.662 111.847
770.802 129.847
770.943 121.847
771.084 134.848
771.224 135.848
771.365 124.848
771.505 135.848
771.646 139.848
771.786 143.849
771.927 151.849
772.067 145.849
772.207 134.849
772.348 139.849
772.488 149.849
772.629 163.850
772.769 126.850
772.909 134.850
773.049 133.850
773.190 154.850
773.330 138.850
773.470 158.851
773.610 149.851
773.750 153.851
773.890 144.851
774.030 133.851
774.170 154.851
774.310 136.852
774.450 146.852
774.590 166.852
774.730 152.852
774.870 149.852
775.010 158.853
775.150 160.853
775.290 164.853
775.430 167.853
775.569 154.853
775.709 155.853
775.849 169.854
775.989 158.854
776.128 171.854
776.268 168.854
776.407 176.854
776.547 159.854
776.687 174.855
776.826 172.855
776.966 177.855
777.105 167.855
777.245 178.855
777.384 183.855
777.523 170.856
777.663 172.856
777.802 187.856
777.942 188.856
778.081 190.856
778.220 197.856
778.359 188.857
778.499 187.857
778.638 167.857
778.777 166.857
778.916 171.857
779.055 198.857
779.194 201.857
779.333 189.858
779.473 193.858
779.612 189.858
779.751 194.858
779.890 196.858
780.028 202.858
780.167 195.859
780.306 205.859
780.445 215.859
780.584 215.859
780.723 215.859
780.862 213.859
781.000 230.860
781.139 211.860
781.278 200.860
781.416 210.860
781.555 210.860
781.694 215.860
781.832 239.861
781.971 229.861
782.110 233.861
782.248 229.861
782.387 220.861
782.525 231.861
782.663 246.861
782.802 233.862
782.940 227.862
783.079 232.862
783.217 241.862
783.355 248.862
783.494 239.862
783.632 250.863
783.770 255.863
783.908 257.863
784.047 248.863
784.185 243.863
784.323 244.863
784.461 261.863
784.599 261.864
784.737 257.864
784.875 287.864
785.013 269.864
785.151 271.864
785.289 256.864
785.427 288.864
785.565 277.865
785.703 286.865
785.841 272.865
785.978 264.865
786.116 289.865
786.254 288.865
786.392 290.866
786.530 286.866
786.667 289.866
786.805 280.866
786.943 290.866
787.080 293.866
787.218 316.866
787.355 297.867
787.493 299.867
787.630 314.867
787.768 307.867
787.905 312.867
788.043 330.867
788.180 310.867
788.318 327.868
788.455 319.868
788.592 314.868
788.730 328.868
788.867 339.868
789.004 328.868
789.141 328.868
789.279 336.869
789.416 327.869
789.553 347.869
789.690 346.869
789.827 350.869
789.964 358.869
790.101 357.869
790.238 365.870
790.375 347.870
790.512 354.870
790.649 361.870
790.786 344.870
790.923 347.870
791.060 368.870
791.197 384.871
791.333 367.871
791.470 379.871
791.607 360.871
791.744 362.871
791.880 372.871
792.017 386.871
792.154 380.872
792.290 396.872
792.427 390.872
792.564 402.872
792.700 402.872
792.837 414.872
792.973 398.872
793.110 392.873
793.246 401.873
793.382 402.873
793.519 413.873
793.655 431.873
793.792 419.873
793.928 423.873
794.064 431.873
794.200 419.874
794.337 447.874
794.473 446.874
794.609 448.874
794.745 415.874
794.881 435.874
795.017 455.874
795.154 462.875
795.290 450.875
795.426 455.875
795.562 451.875
795.698 474.875
795.834 476.875
795.970 472.875
796.105 462.875
796.241 473.876
796.377 484.876
796.513 481.876
796.649 509.876
796.785 470.876
796.920 492.876
797.056 499.876
797.192 487.877
797.327 509.877
797.463 503.877
797.599 509.877
797.734 497.877
797.870 526.877
798.005 514.877
798.141 514.877
798.276 524.878
798.412 526.878
798.547 527.878
798.683 507.878
798.818 532.878
798.953 534.878
799.089 536.878
799.224 556.878
799.359 555.879
799.494 574.879
799.630 577.879
799.765 587.879
799.900 557.879
800.035 579.879
800.170 588.879
800.305 585.879
800.440 611.880
800.576 610.880
800.711 591.880
800.846 615.880
800.981 595.880
801.115 631.880
801.250 617.880
801.385 605.880
801.520 620.881
801.655 601.881
801.790 615.881
801.925 614.881
802.059 626.881
802.194 644.881
802.329 629.881
802.463 628.881
802.598 630.882
802.733 644.882
802.867 659.882
803.002 645.882
803.136 660.882
803.271 675.882
803.405 671.882
803.540 692.882
803.674 702.883
803.809 676.883
803.943 692.883
804.077 713.883
804.212 688.883
804.346 714.883
804.480 717.883
804.615 713.883
804.749 729.884
804.883 730.884
805.017 729.884
805.151 740.884
805.286 736.884
805.420 745.884
805.554 733.884
805.688 773.884
805.822 762.884
805.956 756.885
806.090 767.885
806.224 777.885
806.358 763.885
806.492 793.885
806.625 794.885
806.759 807.885
806.893 823.885
807.027 821.886
807.161 809.886
807.294 820.886
807.428 824.886
807.562 810.886
807.696 836.886
807.829 866.886
807.963 877.886
808.096 866.886
808.230 840.887
808.363 857.887
808.497 864.887
808.630 899.887
808.764 887.887
808.897 896.887
809.031 882.887
809.164 890.887
809.297 902.888
809.431 913.888
809.564 925.888
809.697 918.888
809.831 935.888
809.964 949.888
810.097 943.888
810.230 937.888
810.363 964.888
810.496 982.889
810.630 968.889
810.763 965.889
810.896 984.889
811.029 984.889
811.162 984.889
811.295 991.889
811.428 1021.889
811.560 1027.889
811.693 1033.890
811.826 1026.890
811.959 1054.890
812.092 1090.890
812.225 1060.890
812.357 1087.890
812.490 1081.890
812.623 1071.890
812.755 1093.890
812.888 1076.891
813.021 1067.891
813.153 1105.891
813.286 1123.891
813.418 1131.891
813.551 1115.891
813.683 1145.891
813.816 1141.891
813.948 1149.891
814.081 1140.892
814.213 1178.892
814.346 1161.892
814.478 1162.892
814.610 1178.892
814.742 1170.892
814.875 1176.892
815.007 1227.892
815.139 1201.892
815.271 1215.892
815.403 1224.893
815.536 1248.893
815.668 1237.893
815.800 1264.893
815.932 1267.893
816.064 1241.893
816.196 1301.893
816.328 1285.893
816.460 1297.893
816.592 1327.894
816.724 1310.894
816.855 1311.894
816.987 1324.894
817.119 1328.894
817.251 1336.894
817.383 1371.894
817.514 1378.894
817.646 1394.894
817.778 1404.894
817.909 1390.895
818.041 1397.895
818.173 1401.895
818.304 1417.895
818.436 1438.895
818.567 1450.895
818.699 1475.895
818.830 1502.895
818.962 1493.895
819.093 1480.896
819.225 1508.896
819.356 1508.896
819.487 1527.896
819.619 1521.896
819.750 1529.896
819.881 1529.896
820.012 1564.896
820.144 1549.896
820.275 1576.896
820.406 1599.897
820.537 1597.897
820.668 1604.897
820.799 1627.897
820.930 1621.897
821.061 1638.897
821.192 1672.897
821.323 1655.897
821.454 1671.897
821.585 1692.897
821.716 1698.898
821.847 1688.898
821.978 1726.898
822.109 1748.898
822.240 1747.898
822.370 1771.898
822.501 1781.898
822.632 1786.898
822.763 1805.898
822.893 1830.898
823.024 1815.899
823.154 1806.899
823.285 1824.899
823.416 1850.899
823.546 1867.899
823.677 1880.899
823.807 1929.899
823.938 1898.899
824.068 1912.899
824.199 1935.899
824.329 1959.899
824.459 1971.900
824.590 1969.900
824.720 2020.900
824.850 2013.900
824.980 2057.900
825.111 2042.900
825.241 2061.900
825.371 2058.900
825.501 2104.900
825.631 2110.900
825.761 2126.901
825.891 2137.901
826.022 2138.901
826.152 2183.901
826.282 2172.901
826.412 2204.901
826.541 2231.901
826.671 2221.901
826.801 2230.901
826.931 2273.901
827.061 2270.901
827.191 2280.902
827.321 2285.902
827.450 2328.902
827.580 2307.902
827.710 2338.902
827.839 2376.902
827.969 2373.902
828.099 2383.902
828.228 2408.902
828.358 2404.902
828.487 2440.903
828.617 2440.903
828.746 2468.903
828.876 2519.903
829.005 2459.903
829.135 2478.903
829.264 2532.903
829.394 2538.903
829.523 2565.903
829.652 2562.903
829.782 2593.903
829.911 2614.904
830.040 2644.904
830.169 2630.904
830.298 2657.904
830.428 2669.904
830.557 2646.904
830.686 2700.904
830.815 2717.904
830.944 2763.904
831.073 2734.904
831.202 2766.904
831.331 2763.905
831.460 2791.905
831.589 2805.905
831.718 2851.905
831.847 2829.905
831.976 2865.905
832.104 2873.905
832.233 2894.905
832.362 2891.905
832.491 2922.905
832.619 2960.905
832.748 2967.905
832.877 2967.906
833.005 2992.906
833.134 3014.906
833.263 3009.906
833.391 3032.906
833.520 3066.906
833.648 3078.906
833.777 3133.906
833.905 3140.906
834.034 3128.906
834.162 3166.906
834.290 3198.907
834.419 3187.907
834.547 3185.907
834.675 3219.907
834.804 3271.907
834.932 3278.907
835.060 3306.907
835.188 3284.907
835.317 3343.907
835.445 3338.907
835.573 3381.907
835.701 3377.907
835.829 3419.908
835.957 3418.908
836.085 3428.908
836.213 3444.908
836.341 3482.908
836.469 3467.908
836.597 3528.908
836.725 3541.908
836.853 3541.908
836.980 3574.908
837.108 3587.908
837.236 3587.909
837.364 3632.909
837.491 3648.909
837.619 3624.909
837.747 3653.909
837.875 3701.909
838.002 3684.909
838.130 3753.909
838.257 3765.909
838.385 3759.909
838.512 3747.909
838.640 3760.909
838.767 3788.910
838.895 3833.910
839.022 3813.910
839.150 3863.910
839.277 3893.910
839.404 3869.910
839.532 3868.910
839.659 3895.910
839.786 3905.910
839.913 3902.910
840.041 3934.910
840.168 3926.910
840.295 3946.910
840.422 3994.911
840.549 3966.911
840.676 3982.911
840.803 3982.911
840.930 4020.911
841.057 4019.911
841.184 4027.911
841.311 4022.911
841.438 4017.911
841.565 4059.911
841.692 4038.911
841.819 4016.911
841.946 4062.912
842.072 4041.912
842.199 4065.912
842.326 4093.912
842.453 4078.912
842.579 4087.912
842.706 4114.912
842.833 4095.912
842.959 4119.912
843.086 4121.912
843.212 4166.912
843.339 4160.912
843.465 4146.912
843.592 4154.913
843.718 4197.913
843.845 4194.913
843.971 4178.913
844.098 4186.913
844.224 4196.913
844.350 4194.913
844.477 4210.913
844.603 4178.913
844.729 4207.913
844.855 4193.913
844.982 4200.913
845.108 4200.914
845.234 4207.914
845.360 4190.914
845.486 4175.914
845.612 4199.914
845.738 4192.914
845.864 4201.914
845.990 4168.914
846.116 4196.914
846.242 4173.914
846.368 4207.914
846.494 4212.914
846.620 4192.914
846.746 4171.915
846.871 4178.915
846.997 4166.915
847.123 4168.915
847.249 4199.915
847.374 4128.915
847.500 4146.915
847.626 4154.915
847.751 4158.915
847.877 4134.915
848.002 4120.915
848.128 4124.915
848.253 4101.915
848.379 4057.915
848.504 4063.916
848.630 4078.916
848.755 4050.916
848.881 4030.916
849.006 4013.916
849.131 4065.916
849.257 4028.916
849.382 4005.916
849.507 4018.916
849.632 4020.916
849.758 3985.916
849.883 3992.916
850.008 3955.916
850.133 3938.917
850.258 3921.917
850.383 3913.917
850.508 3879.917
850.633 3862.917
850.758 3863.917
850.883 3855.917
851.008 3836.917
851.133 3815.917
851.258 3823.917
851.383 3789.917
851.508 3764.917
851.633 3744.917
851.757 3685.917
851.882 3649.918
852.007 3631.918
852.132 3639.918
852.256 3640.918
852.381 3633.918
852.506 3581.918
852.630 3554.918
852.755 3506.918
852.879 3510.918
853.004 3484.918
853.128 3470.918
853.253 3461.918
853.377 3441.918
853.502 3410.918
853.626 3403.919
853.751 3395.919
853.875 3343.919
853.999 3346.919
854.124 3311.919
854.248 3305.919
854.372 3269.919
854.496 3251.919
854.620 3235.919
854.745 3213.919
854.869 3132.919
854.993 3136.919
855.117 3147.919
855.241 3117.919
855.365 3085.920
855.489 3043.920
855.613 3047.920
855.737 3026.920
855.861 3000.920
855.985 2960.920
856.109 2944.920
856.233 2928.920
856.356 2884.920
856.480 2878.920
856.604 2867.920
856.728 2834.920
856.851 2800.920
856.975 2772.920
857.099 2745.920
857.222 2742.921
857.346 2690.921
857.470 2698.921
857.593 2678.921
857.717 2644.921
857.840 2642.921
857.964 2610.921
858.087 2575.921
858.211 2504.921
858.334 2508.921
858.458 2508.921
858.581 2485.921
858.704 2425.921
858.828 2415.921
858.951 2414.922
859.074 2376.922
859.197 2378.922
859.320 2297.922
859.444 2289.922
859.567 2290.922
859.690 2255.922
859.813 2215.922
859.936 2219.922
860.059 2176.922
860.182 2160.922
860.305 2151.922
860.428 2107.922
860.551 2095.922
860.674 2079.922
860.797 2043.923
860.920 1985.923
861.043 2005.923
861.165 1968.923
861.288 1971.923
861.411 1929.923
861.534 1912.923
861.656 1899.923
861.779 1865.923
861.902 1846.923
862.024 1824.923
862.147 1795.923
862.270 1812.923
862.392 1758.923
862.515 1738.923
862.637 1731.923
862.760 1722.924
862.882 1705.924
863.005 1679.924
863.127 1627.924
863.249 1643.924
863.372 1591.924
863.494 1593.924
863.616 1583.924
863.738 1549.924
863.861 1541.924
863.983 1534.924
864.105 1478.924
864.227 1471.924
864.349 1487.924
864.472 1468.924
864.594 1459.925
864.716 1428.925
864.838 1395.925
864.960 1409.925
865.082 1379.925
865.204 1391.925
865.326 1341.925
865.447 1319.925
865.569 1317.925
865.691 1299.925
865.813 1273.925
865.935 1244.925
866.057 1251.925
866.178 1239.925
866.300 1214.925
866.422 1194.925
866.543 1167.926
866.665 1164.926
866.787 1149.926
866.908 1125.926
867.030 1132.926
867.151 1104.926
867.273 1120.926
867.394 1109.926
867.516 1071.926
867.637 1060.926
867.759 1044.926
867.880 1033.926
868.001 1028.926
868.123 1025.926
868.244 999.926
868.365 982.926
868.487 971.926
868.608 973.927
868.729 944.927
868.850 927.927
868.971 929.927
869.092 933.927
869.214 888.927
869.335 906.927
869.456 878.927
869.577 872.927
869.698 855.927
869.819 844.927
869.940 844.927
870.061 834.927
870.181 813.927
870.302 837.927
870.423 791.927
870.544 807.928
870.665 802.928
870.785 772.928
870.906 773.928
871.027 764.928
871.148 752.928
871.268 728.928
871.389 729.928
871.509 696.928
871.630 689.928
871.751 693.928
871.871 679.928
871.992 675.928
872.112 676.928
872.233 645.928
872.353 643.928
872.473 623.928
872.594 624.929
872.714 624.929
872.834 629.929
872.955 618.929
873.075 601.929
873.195 592.929
873.315 593.929
873.436 576.929
873.556 586.929
873.676 546.929
873.796 564.929
873.916 560.929
874.036 536.929
874.156 527.929
874.276 531.929
874.396 535.929
874.516 497.929
874.636 486.930
874.756 491.930
874.876 505.930
874.996 500.930
875.115 468.930
875.235 478.930
875.355 476.930
875.475 478.930
875.594 469.930
875.714 446.930
875.834 456.930
875.953 433.930
876.073 430.930
876.193 411.930
876.312 438.930
876.432 411.930
876.551 408.930
876.671 403.930
876.790 384.931
876.910 389.931
877.029 380.931
877.148 389.931
877.268 385.931
877.387 365.931
877.506 363.931
877.626 365.931
877.745 360.931
877.864 350.931
877.983 344.931
878.102 335.931
878.222 323.931
878.341 310.931
878.460 310.931
878.579 313.931
878.698 309.931
878.817 327.931
878.936 326.932
879.055 296.932
879.174 314.932
879.293 305.932
879.412 295.932
879.530 290.932
879.649 285.932
879.768 287.932
879.887 288.932
880.006 268.932
880.124 275.932
880.243 264.932
880.362 273.932
880.480 270.932
880.599 268.932
880.718 254.932
880.836 259.932
880.955 258.932
881.073 237.932
881.192 239.933
881.310 232.933
881.429 223.933
881.547 234.933
881.665 240.933
881.784 229.933
881.902 229.933
882.021 235.933
882.139 222.933
882.257 224.933
882.375 213.933
882.494 201.933
882.612 213.933
882.730 211.933
882.848 196.933
882.966 194.933
883.084 195.933
883.202 209.933
883.320 173.934
883.438 201.934
883.556 173.934
883.674 156.934
883.792 159.934
883.910 167.934
884.028 195.934
884.146 189.934
884.264 178.934
884.381 175.934
884.499 160.934
884.617 167.934
884.735 167.934
884.852 155.934
884.970 160.934
885.087 161.934
885.205 164.934
885.323 165.934
885.440 155.934
885.558 156.934
885.675 150.935
885.793 142.935
885.910 139.935
886.028 140.935
886.145 144.935
886.262 142.935
886.380 139.935
886.497 142.935
886.614 130.935
886.732 140.935
886.849 141.935
886.966 133.935
887.083 115.935
887.200 123.935
887.318 129.935
887.435 127.935
887.552 129.935
887.669 115.935
887.786 119.935
887.903 120.936
888.020 121.936
888.137 116.936
888.254 102.936
888.371 113.936
888.488 101.936
888.604 106.936
888.721 99.936
888.838 82.936
888.955 106.936
889.072 102.936
889.188 102.936
889.305 103.936
889.422 91.936
889.538 95.936
889.655 109.936
889.772 112.936
889.888 109.936
890.005 76.936
890.121 83.936
890.238 97.936
890.354 91.937
890.471 97.937
890.587 88.937
890.703 91.937
890.820 83.937
890.936 88.937
891.052 75.937
891.169 101.937
891.285 74.937
891.401 98.937
891.517 86.937
891.634 98.937
891.750 70.937
891.866 86.937
891.982 84.937
892.098 93.937
892.214 68.937
892.330 97.937
892.446 95.937
892.562 67.937
892.678 64.938
892.794 54.938
892.910 76.938
893.026 67.938
893.142 72.938
893.257 70.938
893.373 70.938
893.489 73.938
893.605 72.938
893.720 69.938
893.836 85.938
893.952 69.938
894.067 64.938
894.183 74.938
894.298 60.938
894.414 67.938
894.530 56.938
894.645 55.938
894.761 73.938
894.876 46.938
894.991 60.938
895.107 70.939
895.222 39.939
895.338 70.939
895.453 66.939
895.568 59.939
895.683 66.939
895.799 63.939
895.914 63.939
896.029 47.939
896.144 63.939
896.259 59.939
896.374 51.939
896.490 90.939
896.605 56.939
896.720 54.939
896.835 51.939
896.950 63.939
897.065 31.939
897.180 52.939
897.294 54.939
897.409 42.939
897.524 50.939
897.639 71.940
897.754 58.940
897.869 36.940
897.983 38.940
898.098 61.940
898.213 56.940
898.327 50.940
898.442 58.940
898.557 56.940
898.671 45.940
898.786 46.940
898.900 28.940
899.015 66.940
899.129 41.940
899.244 52.940
899.358 46.940
899.473 57.940
899.587 43.940
899.701 55.940
899.816 44.940
899.930 52.940
900.044 61.940
900.159 51.941
900.273 35.941
900.387 47.941
900.501 49.941
900.615 50.941
900.729 38.941
900.844 42.941
900.958 51.941
901.072 45.941
901.186 34.941
901.300 37.941
901.414 30.941
901.528 48.941
901.641 53.941
901.755 42.941
901.869 50.941
901.983 33.941
902.097 48.941
902.211 29.941
902.324 32.941
902.438 43.941
902.552 33.941
902.666 17.941
902.779 36.942
902.893 32.942
903.006 32.942
903.120 47.942
903.234 39.942
903.347 36.942
903.461 39.942
903.574 45.942
903.688 31.942
903.801 32.942
903.914 51.942
904.028 44.942
904.141 36.942
904.254 32.942
904.368 31.942
904.481 50.942
904.594 39.942
904.707 33.942
904.821 44.942
904.934 33.942
905.047 27.942
905.160 42.942
905.273 48.942
905.386 29.943
905.499 29.943
905.612 38.943
905.725 44.943
905.838 22.943
905.951 32.943
906.064 43.943
906.177 33.943
906.290 50.943
906.402 40.943
906.515 34.943
906.628 43.943
906.741 41.943
906.853 27.943
906.966 38.943
907.079 16.943
907.191 14.943
907.304 18.943
907.417 25.943
907.529 22.943
907.642 40.943
907.754 54.943
907.867 39.943
907.979 21.943
908.092 23.944
908.204 25.944
908.316 14.944
908.429 15.944
908.541 27.944
908.653 16.944
908.766 29.944
908.878 50.944
908.990 38.944
909.102 30.944
909.215 45.944
909.327 22.944
909.439 31.944
909.551 38.944
909.663 29.944
909.775 24.944
909.887 28.944
909.999 43.944
910.111 21.944
910.223 16.944
910.335 27.944
910.447 28.944
910.559 37.944
910.670 38.944
910.782 41.944
910.894 37.945
911.006 24.945
911.117 35.945
911.229 18.945
911.341 19.945
911.452 27.945
911.564 31.945
911.676 24.945
911.787 31.945
911.899 10.945
912.010 36.945
912.122 26.945
912.233 16.945
912.345 27.945
912.456 18.945
912.568 24.945
912.679 20.945
912.790 34.945
912.902 43.945
913.013 38.945
913.124 39.945
913.235 24.945
913.347 19.945
913.458 51.945
913.569 41.945
913.680 32.946
913.791 14.946
913.902 14.946
914.013 21.946
914.124 30.946
914.235 10.946
914.346 6.946
914.457 14.946
914.568 18.946
914.679 58.946
914.790 36.946
914.901 27.946
915.012 21.946
915.122 37.946
915.233 38.946
915.344 19.946
915.455 24.946
915.565 25.946
915.676 21.946
915.787 20.946
915.897 27.946
916.008 22.946
916.118 39.946
916.229 29.946
916.339 36.946
916.450 30.946
916.560 28.947
916.671 27.947
916.781 30.947
916.892 34.947
917.002 24.947
917.112 20.947
917.223 6.947
917.333 22.947
917.443 27.947
917.553 15.947
917.663 33.947
917.774 26.947
917.884 13.947
917.994 29.947
918.104 38.947
918.214 32.947
918.324 11.947
918.434 27.947
918.544 20.947
918.654 27.947
918.764 22.947
918.874 19.947
918.984 18.947
919.094 28.947
919.203 42.947
919.313 22.947
919.423 31.947
919.533 36.948
919.643 28.948
919.752 26.948
919.862 19.948
919.972 15.948
920.081 22.948
920.191 37.948
920.300 24.948
920.410 25.948
920.519 27.948
920.629 29.948
920.738 24.948
920.848 2.948
920.957 26.948
921.067 26.948
921.176 22.948
921.285 24.948
921.395 28.948
921.504 21.948
921.613 31.948
921.722 21.948
921.832 33.948
921.941 45.948
922.050 27.948
922.159 27.948
922.268 34.948
922.377 33.948
922.486 26.949
922.595 18.949
922.704 16.949
922.813 24.949
922.922 15.949
923.031 26.949
923.140 34.949
923.249 23.949
923.358 30.949
923.467 28.949
923.575 16.949
923.684 16.949
923.793 24.949
923.902 15.949
924.010 17.949
924.119 36.949
924.227 20.949
924.336 46.949
924.445 17.949
924.553 17.949
924.662 38.949
924.770 33.949
924.879 29.949
924.987 16.949
925.096 13.949
925.204 6.949
925.312 34.949
925.421 4.949
925.529 0.949
925.637 10.950
925.746 30.950
925.854 25.950
925.962 11.950
926.070 26.950
926.178 23.950
926.287 9.950
926.395 10.950
926.503 16.950
926.611 19.950
926.719 28.950
926.827 25.950
926.935 16.950
927.043 20.950
927.151 35.950
927.259 41.950
927.367 16.950
927.474 22.950
927.582 7.950
927.690 25.950
927.798 33.950
927.906 27.950
928.013 31.950
928.121 40.950
928.229 19.950
928.336 23.950
928.444 19.950
928.551 22.950
928.659 25.950
928.767 23.951
928.874 26.951
928.982 41.951
929.089 26.951
929.196 34.951
929.304 19.951
929.411 18.951
929.519 22.951
929.626 29.951
929.733 20.951
929.841 28.951
929.948 16.951
930.055 27.951
930.162 18.951
930.269 9.951
930.377 14.951
930.484 27.951
930.591 26.951
930.698 34.951
930.805 26.951
930.912 16.951
931.019 9.951
931.126 1.951
931.233 18.951
931.340 26.951
931.447 45.951
931.554 28.951
931.660 31.951
931.767 18.951
931.874 30.951
931.981 22.952
932.087 18.952
932.194 9.952
932.301 28.952
932.407 43.952
932.514 23.952
932.621 27.952
932.727 9.952
932.834 21.952
932.940 26.952
933.047 16.952
933.153 25.952
933.260 25.952
933.366 27.952
933.473 25.952
933.579 14.952
933.685 27.952
933.792 17.952
933.898 30.952
934.004 26.952
934.110 11.952
934.217 19.952
934.323 17.952
934.429 29.952
934.535 31.952
934.641 17.952
934.747 38.952
934.853 26.952
934.959 22.952
935.065 26.952
935.171 22.952
935.277 13.953
935.383 33.953
935.489 37.953
935.595 21.953
935.701 40.953
935.807 30.953
935.913 25.953
936.018 21.953
936.124 9.953
936.230 15.953
936.335 13.953
936.441 27.953
936.547 31.953
936.652 23.953
936.758 35.953
936.864 22.953
936.969 21.953
937.075 29.953
937.180 24.953
937.286 31.953
937.391 22.953
937.496 15.953
937.602 18.953
937.707 16.953
937.812 16.953
937.918 21.953
938.023 23.953
938.128 13.953
938.233 36.953
938.339 7.953
938.444 15.953
938.549 13.953
938.654 23.954
938.759 37.954
938.864 14.954
938.969 18.954
939.074 23.954
939.179 19.954
939.284 25.954
939.389 24.954
939.494 4.954
939.599 16.954
939.704 19.954
939.809 21.954
939.914 11.954
940.018 29.954
940.123 29.954
940.228 21.954
940.333 38.954
940.437 18.954
940.542 15.954
940.646 26.954
940.751 18.954
940.856 -0.046
940.960 26.954
941.065 20.954
941.169 5.954
941.274 0.954
941.378 3.954
941.483 24.954
941.587 6.954
941.691 29.954
941.796 28.954
941.900 28.954
942.004 24.954
942.109 29.955
942.213 27.955
942.317 16.955
942.421 19.955
942.525 9.955
942.629 14.955
942.734 15.955
942.838 13.955
942.942 16.955
943.046 29.955
943.150 31.955
943.254 27.955
943.358 12.955
943.462 25.955
943.565 21.955
943.669 26.955
943.773 24.955
943.877 8.955
943.981 18.955
944.085 13.955
944.188 13.955
944.292 17.955
944.396 33.955
944.499 25.955
944.603 14.955
944.707 9.955
944.810 27.955
944.914 23.955
945.017 32.955
945.121 15.955
945.224 10.955
945.328 9.955
945.431 18.955
945.535 21.955
945.638 21.956
945.741 31.956
945.845 23.956
945.948 31.956
946.051 24.956
946.154 12.956
946.258 25.956
946.361 34.956
946.464 24.956
946.567 19.956
946.670 31.956
946.773 32.956
946.876 13.956
946.979 24.956
947.082 35.956
947.185 29.956
947.288 1.956
947.391 18.956
947.494 23.956
947.597 20.956
947.700 20.956
947.803 18.956
947.906 14.956
948.008 35.956
948.111 19.956
948.214 21.956
948.317 19.956
948.419 31.956
948.522 26.956
948.625 34.956
948.727 18.956
948.830 31.956
948.932 24.956
949.035 28.956
949.137 15.956
949.240 23.957
949.342 23.957
949.445 20.957
949.547 34.957
949.649 36.957
949.752 29.957
949.854 4.957
949.956 25.957
950.059 12.957
950.161 31.957
950.263 33.957
950.365 30.957
950.467 39.957
950.569 23.957
950.672 36.957
950.774 17.957
950.876 33.957
950.978 37.957
951.080 28.957
951.182 22.957
951.284 28.957
951.386 21.957
951.487 11.957
951.589 32.957
951.691 24.957
951.793 23.957
951.895 24.957
951.997 23.957
952.098 30.957
952.200 28.957
952.302 24.957
952.403 27.957
952.505 8.957
952.607 15.957
952.708 6.957
952.810 23.957
952.911 12.958
953.013 19.958
953.114 11.958
953.216 -2.042
953.317 20.958
953.418 2.958
953.520 14.958
953.621 36.958
953.723 20.958
953.824 11.958
953.925 24.958
954.026 31.958
954.128 12.958
954.229 23.958
954.330 26.958
954.431 13.958
954.532 23.958
954.633 27.958
954.734 23.958
954.835 30.958
954.936 16.958
955.037 13.958
955.138 10.958
955.239 19.958
955.340 24.958
955.441 18.958
955.542 21.958
955.643 20.958
955.744 17.958
955.844 31.958
955.945 22.958
956.046 27.958
956.146 28.958
956.247 30.958
956.348 15.958
956.448 22.958
956.549 29.958
956.650 22.958
956.750 31.959
956.851 28.959
956.951 12.959
957.052 26.959
957.152 30.959
957.252 31.959
957.353 3.959
957.453 8.959
957.553 25.959
957.654 21.959
957.754 29.959
957.854 20.959
957.955 -2.041
958.055 11.959
958.155 25.959
958.255 18.959
958.355 17.959
958.455 21.959
958.555 18.959
958.655 9.959
958.755 36.959
958.855 31.959
958.955 18.959
959.055 13.959
959.155 22.959
959.255 30.959
959.355 26.959
959.455 15.959
959.555 17.959
959.654 27.959
959.754 26.959
959.854 21.959
959.954 14.959
960.053 17.959
960.153 24.959
960.253 24.959
960.352 24.959
960.452 27.959
960.551 35.959
960.651 37.960
960.750 19.960
960.850 22.960
960.949 26.960
961.049 26.960
961.148 24.960
961.248 10.960
961.347 19.960
961.446 16.960
961.545 19.960
961.645 13.960
961.744 15.960
961.843 17.960
961.942 25.960
962.042 34.960
962.141 14.960
962.240 18.960
962.339 31.960
962.438 8.960
962.537 27.960
962.636 31.960
962.735 9.960
962.834 10.960
962.933 7.960
963.032 6.960
963.131 21.960
963.229 26.960
963.328 31.960
963.427 25.960
963.526 18.960
963.625 4.960
963.723 10.960
963.822 19.960
963.921 28.960
964.019 27.960
964.118 10.960
964.217 19.960
964.315 10.960
964.414 26.960
964.512 31.960
964.611 7.960
964.709 13.961
964.808 12.961
964.906 28.961
965.004 9.961
965.103 19.961
965.201 24.961
965.299 9.961
965.398 13.961
965.496 21.961
965.594 10.961
965.692 18.961
965.790 33.961
965.889 20.961
965.987 29.961
966.085 18.961
966.183 12.961
966.281 13.961
966.379 21.961
966.477 22.961
966.575 16.961
966.673 29.961
966.771 11.961
966.869 17.961
966.966 7.961
967.064 13.961
967.162 17.961
967.260 25.961
967.358 33.961
967.455 18.961
967.553 17.961
967.651 17.961
967.748 30.961
967.846 15.961
967.944 11.961
968.041 19.961
968.139 25.961
968.236 30.961
968.334 15.961
968.431 19.961
968.529 24.961
968.626 21.961
968.724 21.961
968.821 30.962
968.918 20.962
969.016 25.962
969.113 37.962
969.210 33.962
969.307 9.962
969.405 35.962
969.502 21.962
969.599 17.962
969.696 30.962
969.793 34.962
969.890 26.962
969.987 30.962
970.084 22.962
970.181 22.962
970.278 21.962
970.375 27.962
970.472 21.962
970.569 10.962
970.666 23.962
970.763 30.962
970.860 25.962
970.956 42.962
971.053 32.962
971.150 39.962
971.247 42.962
971.343 21.962
971.440 39.962
971.537 19.962
971.633 36.962
971.730 18.962
971.826 24.962
971.923 14.962
972.019 18.962
972.116 26.962
972.212 28.962
972.309 25.962
972.405 28.962
972.502 31.962
972.598 15.962
972.694 23.962
972.791 28.962
972.887 41.962
972.983 22.962
973.079 27.963
973.176 18.963
973.272 33.963
973.368 27.963
973.464 18.963
973.560 31.963
973.656 17.963
973.752 22.963
973.848 14.963
973.944 19.963
974.040 14.963
974.136 17.963
974.232 22.963
974.328 18.963
974.424 25.963
974.520 28.963
974.615 12.963
974.711 9.963
974.807 27.963
974.903 7.963
974.998 21.963
975.094 38.963
975.190 16.963
975.285 19.963
975.381 48.963
975.476 24.963
975.572 29.963
975.667 33.963
975.763 17.963
975.858 22.963
975.954 21.963
976.049 24.963
976.145 34.963
976.240 33.963
976.335 17.963
976.431 24.963
976.526 44.963
976.621 39.963
976.716 25.963
976.812 34.963
976.907 9.963
977.002 14.963
977.097 45.963
977.192 35.963
977.287 36.963
977.382 38.964
977.477 31.964
977.572 18.964
977.667 18.964
977.762 26.964
977.857 15.964
977.952 31.964
978.047 28.964
978.142 17.964
978.237 27.964
978.331 45.964
978.426 40.964
978.521 26.964
978.616 21.964
978.710 15.964
978.805 9.964
978.900 33.964
978.994 37.964
979.089 25.964
979.183 26.964
979.278 19.964
979.372 29.964
979.467 29.964
979.561 21.964
979.656 33.964
979.750 18.964
979.845 39.964
979.939 26.964
980.033 22.964
980.128 25.964
980.222 39.964
980.316 30.964
980.410 21.964
980.504 25.964
980.599 41.964
980.693 31.964
980.787 30.964
980.881 9.964
980.975 29.964
981.069 32.964
981.163 33.964
981.257 22.964
981.351 29.964
981.445 33.964
981.539 32.964
981.633 38.964
981.727 27.964
981.820 20.964
981.914 34.965
982.008 30.965
982.102 23.965
982.196 24.965
982.289 26.965
982.383 30.965
982.477 11.965
982.570 49.965
982.664 23.965
982.757 20.965
982.851 28.965
982.944 30.965
983.038 33.965
983.131 43.965
983.225 30.965
983.318 28.965
983.412 41.965
983.505 45.965
983.598 45.965
983.692 37.965
983.785 43.965
983.878 28.965
983.971 31.965
984.065 41.965
984.158 38.965
984.251 25.965
984.344 29.965
984.437 27.965
984.530 36.965
984.623 43.965
984.716 31.965
984.809 24.965
984.902 39.965
984.995 37.965
985.088 39.965
985.181 36.965
985.274 43.965
985.367 37.965
985.459 24.965
985.552 35.965
985.645 32.965
985.738 37.965
985.830 38.965
985.923 40.965
986.016 42.965
986.108 50.965
986.201 32.965
986.294 33.965
986.386 42.965
986.479 45.966
986.571 33.966
986.664 37.966
986.756 23.966
986.849 27.966
986.941 25.966
987.033 52.966
987.126 38.966
987.218 33.966
987.310 37.966
987.403 27.966
987.495 33.966
987.587 39.966
987.679 36.966
987.771 26.966
987.864 36.966
987.956 62.966
988.048 41.966
988.140 56.966
988.232 51.966
988.324 42.966
988.416 42.966
988.508 45.966
988.600 53.966
988.692 44.966
988.783 27.966
988.875 40.966
988.967 48.966
989.059 31.966
989.151 60.966
989.242 48.966
989.334 31.966
989.426 41.966
989.518 41.966
989.609 33.966
989.701 51.966
989.792 48.966
989.884 36.966
989.975 50.966
990.067 44.966
990.158 55.966
990.250 50.966
990.341 30.966
990.433 40.966
990.524 42.966
990.616 61.966
990.707 49.966
990.798 47.966
990.889 57.966
990.981 35.966
991.072 57.966
991.163 46.966
991.254 54.967
991.345 63.967
991.437 54.967
991.528 58.967
991.619 44.967
991.710 59.967
991.801 42.967
991.892 48.967
991.983 52.967
992.074 59.967
992.165 60.967
992.255 66.967
992.346 68.967
992.437 55.967
992.528 54.967
992.619 47.967
992.710 54.967
992.800 52.967
992.891 58.967
992.982 78.967
993.072 60.967
993.163 72.967
993.254 53.967
993.344 54.967
993.435 75.967
993.525 60.967
993.616 64.967
993.706 58.967
993.797 54.967
993.887 41.967
993.977 65.967
994.068 65.967
994.158 51.967
994.248 63.967
994.339 51.967
994.429 49.967
994.519 63.967
994.609 64.967
994.700 58.967
994.790 58.967
994.880 79.967
994.970 75.967
995.060 75.967
995.150 72.967
995.240 73.967
995.330 68.967
995.420 59.967
995.510 75.967
995.600 79.967
995.690 75.967
995.780 71.967
995.870 75.967
995.960 76.967
996.049 83.967
996.139 72.968
996.229 73.968
996.319 65.968
996.408 70.968
996.498 72.968
996.588 66.968
996.677 73.968
996.767 83.968
996.856 83.968
996.946 81.968
997.035 64.968
997.125 89.968
997.214 94.968
997.304 86.968
997.393 77.968
997.483 80.968
997.572 93.968
997.661 82.968
997.750 79.968
997.840 73.968
997.929 65.968
998.018 83.968
998.107 95.968
998.197 91.968
998.286 86.968
998.375 94.968
998.464 86.968
998.553 89.968
998.642 87.968
998.731 82.968
998.820 68.968
998.909 88.968
998.998 93.968
999.087 96.968
999.176 82.968
999.265 94.968
999.353 90.968
999.442 84.968
999.531 96.968
999.620 92.968
999.709 93.968
999.797 90.968
999.886 69.968
999.975 94.968
1000.063 73.968
1000.152 81.968
1000.240 84.968
1000.329 81.968
1000.417 109.968
1000.506 89.968
1000.594 75.968
1000.683 92.968
1000.771 76.968
1000.860 89.968
1000.948 87.968
1001.036 87.968
1001.125 93.968
1001.213 107.969
1001.301 89.969
1001.389 87.969
1001.478 86.969
1001.566 106.969
1001.654 75.969
1001.742 87.969
1001.830 90.969
1001.918 106.969
1002.006 108.969
1002.094 111.969
1002.182 107.969
1002.270 100.969
1002.358 100.969
1002.446 96.969
1002.534 102.969
1002.622 106.969
1002.710 101.969
1002.798 105.969
1002.885 108.969
1002.973 97.969
1003.061 98.969
1003.149 115.969
1003.236 99.969
1003.324 105.969
1003.412 105.969
1003.499 104.969
1003.587 102.969
1003.674 108.969
1003.762 110.969
1003.849 100.969
1003.937 109.969
1004.024 107.969
1004.112 112.969
1004.199 129.969
1004.287 123.969
1004.374 102.969
1004.461 98.969
1004.549 111.969
1004.636 104.969
1004.723 105.969
1004.810 130.969
1004.898 115.969
1004.985 105.969
1005.072 122.969
1005.159 118.969
1005.246 112.969
1005.333 111.969
1005.420 109.969
1005.507 112.969
1005.594 99.969
1005.681 112.969
1005.768 107.969
1005.855 107.969
1005.942 106.969
1006.029 102.969
1006.115 116.969
1006.202 106.969
1006.289 120.969
1006.376 86.970
1006.463 114.970
1006.549 112.970
1006.636 106.970
1006.723 115.970
1006.809 104.970
1006.896 113.970
1006.982 133.970
1007.069 131.970
1007.155 124.970
1007.242 121.970
1007.328 106.970
1007.415 108.970
1007.501 105.970
1007.588 114.970
1007.674 125.970
1007.760 123.970
1007.847 124.970
1007.933 109.970
1008.019 126.970
1008.105 126.970
1008.192 133.970
1008.278 115.970
1008.364 115.970
1008.450 134.970
1008.536 132.970
1008.622 121.970
1008.708 126.970
1008.794 116.970
1008.880 125.970
1008.966 136.970
1009.052 125.970
1009.138 106.970
1009.224 146.970
1009.310 129.970
1009.396 133.970
1009.482 134.970
1009.567 134.970
1009.653 115.970
1009.739 127.970
1009.825 122.970
1009.910 131.970
1009.996 110.970
1010.082 110.970
1010.167 129.970
1010.253 126.970
1010.338 115.970
1010.424 120.970
1010.509 139.970
1010.595 126.970
1010.680 128.970
1010.766 139.970
1010.851 109.970
1010.936 139.970
1011.022 126.970
1011.107 139.970
1011.192 139.970
1011.278 121.970
1011.363 119.970
1011.448 141.970
1011.533 127.970
1011.618 122.970
1011.704 123.971
1011.789 128.971
1011.874 112.971
1011.959 130.971
1012.044 131.971
1012.129 114.971
1012.214 123.971
1012.299 108.971
1012.384 126.971
1012.469 125.971
1012.554 128.971
1012.638 138.971
1012.723 124.971
1012.808 131.971
1012.893 128.971
1012.978 116.971
1013.062 123.971
1013.147 123.971
1013.232 131.971
1013.316 132.971
1013.401 130.971
1013.485 123.971
1013.570 118.971
1013.655 128.971
1013.739 136.971
1013.824 138.971
1013.908 123.971
1013.992 112.971
1014.077 142.971
1014.161 127.971
1014.246 144.971
1014.330 112.971
1014.414 124.971
1014.499 122.971
1014.583 116.971
1014.667 125.971
1014.751 135.971
1014.835 131.971
1014.920 141.971
1015.004 126.971
1015.088 129.971
1015.172 137.971
1015.256 133.971
1015.340 129.971
1015.424 128.971
1015.508 122.971
1015.592 131.971
1015.676 133.971
1015.760 146.971
1015.843 133.971
1015.927 149.971
1016.011 123.971
1016.095 118.971
1016.179 126.971
1016.262 113.971
1016.346 122.971
1016.430 117.971
1016.513 128.971
1016.597 130.971
1016.681 144.971
1016.764 125.971
1016.848 123.971
1016.931 141.971
1017.015 135.971
1017.098 130.971
1017.182 141.971
1017.265 126.972
1017.349 131.972
1017.432 130.972
1017.515 101.972
1017.599 25.972
