345.82	1433.58
346.03	1433.58
346.25	1433.58
346.46	1368.04
346.68	1398.76
346.89	1533.93
347.11	1468.39
347.32	1538.02
347.54	1626.09
347.75	1578.98
347.97	1601.51
348.18	1589.22
348.39	1550.31
348.61	1650.66
348.82	1533.93
349.04	1581.03
349.25	1603.56
349.47	1531.88
349.68	1525.74
349.90	1501.16
350.11	1572.84
350.33	1529.83
350.54	1587.18
350.75	1535.98
350.97	1474.54
351.18	1499.11
351.40	1525.74
351.61	1591.27
351.83	1568.74
352.04	1548.26
352.26	1624.04
352.47	1533.93
352.68	1503.21
352.90	1511.40
353.11	1538.02
353.33	1644.52
353.54	1589.22
353.76	1624.04
353.97	1501.16
354.18	1572.84
354.40	1505.26
354.61	1589.22
354.83	1566.70
355.04	1548.26
355.26	1617.90
355.47	1593.32
355.68	1658.85
355.90	1636.33
356.11	1607.66
356.33	1523.69
356.54	1570.79
356.75	1546.22
356.97	1529.83
357.18	1564.65
357.40	1607.66
357.61	1562.60
357.83	1531.88
358.04	1546.22
358.25	1572.84
358.47	1544.17
358.68	1562.60
358.90	1445.87
359.11	1617.90
359.32	1535.98
359.54	1662.95
359.75	1464.30
359.97	1523.69
360.18	1535.98
360.39	1583.08
360.61	1613.80
360.82	1574.89
361.03	1570.79
361.25	1593.32
361.46	1548.26
361.68	1570.79
361.89	1576.94
362.10	1617.90
362.32	1542.12
362.53	1578.98
362.75	1511.40
362.96	1482.73
363.17	1568.74
363.39	1607.66
363.60	1607.66
363.81	1523.69
364.03	1591.27
364.24	1544.17
364.46	1521.64
364.67	1556.46
364.88	1628.14
365.10	1597.42
365.31	1603.56
365.52	1560.55
365.74	1548.26
365.95	1626.09
366.16	1611.75
366.38	1552.36
366.59	1462.25
366.81	1650.66
367.02	1624.04
367.23	1601.51
367.45	1583.08
367.66	1587.18
367.87	1511.40
368.09	1650.66
368.30	1552.36
368.51	1591.27
368.73	1583.08
368.94	1544.17
369.15	1560.55
369.37	1570.79
369.58	1572.84
369.79	1495.02
370.01	1533.93
370.22	1591.27
370.43	1593.32
370.65	1585.13
370.86	1476.59
371.07	1564.65
371.29	1546.22
371.50	1611.75
371.71	1521.64
371.93	1587.18
372.14	1578.98
372.35	1576.94
372.57	1540.07
372.78	1531.88
372.99	1564.65
373.21	1531.88
373.42	1456.11
373.63	1581.03
373.85	1611.75
374.06	1636.33
374.27	1570.79
374.49	1560.55
374.70	1640.42
374.91	1515.50
375.13	1552.36
375.34	1621.99
375.55	1558.50
375.76	1597.42
375.98	1523.69
376.19	1593.32
376.40	1642.47
376.62	1609.70
376.83	1490.92
377.04	1572.84
377.26	1599.46
377.47	1552.36
377.68	1550.31
377.89	1689.57
378.11	1574.89
378.32	1564.65
378.53	1445.87
378.75	1667.05
378.96	1617.90
379.17	1585.13
379.38	1497.07
379.60	1560.55
379.81	1581.03
380.02	1585.13
380.24	1562.60
380.45	1458.15
380.66	1572.84
380.87	1611.75
381.09	1531.88
381.30	1611.75
381.51	1515.50
381.72	1529.83
381.94	1671.14
382.15	1564.65
382.36	1556.46
382.58	1499.11
382.79	1546.22
383.00	1572.84
383.21	1595.37
383.43	1566.70
383.64	1636.33
383.85	1581.03
384.06	1548.26
384.28	1546.22
384.49	1521.64
384.70	1550.31
384.91	1505.26
385.13	1667.05
385.34	1519.59
385.55	1587.18
385.76	1538.02
385.98	1511.40
386.19	1495.02
386.40	1570.79
386.61	1519.59
386.83	1605.61
387.04	1615.85
387.25	1566.70
387.46	1576.94
387.68	1591.27
387.89	1638.38
388.10	1568.74
388.31	1572.84
388.53	1556.46
388.74	1546.22
388.95	1533.93
389.16	1525.74
389.37	1505.26
389.59	1628.14
389.80	1599.46
390.01	1630.18
390.22	1634.28
390.44	1642.47
390.65	1562.60
390.86	1597.42
391.07	1568.74
391.28	1449.96
391.50	1490.92
391.71	1685.48
391.92	1525.74
392.13	1583.08
392.34	1503.21
392.56	1523.69
392.77	1527.78
392.98	1535.98
393.19	1585.13
393.40	1552.36
393.62	1548.26
393.83	1624.04
394.04	1548.26
394.25	1517.54
394.46	1542.12
394.68	1546.22
394.89	1568.74
395.10	1507.30
395.31	1568.74
395.52	1568.74
395.74	1558.50
395.95	1613.80
396.16	1634.28
396.37	1597.42
396.58	1538.02
396.80	1503.21
397.01	1529.83
397.22	1554.41
397.43	1578.98
397.64	1558.50
397.85	1527.78
398.07	1523.69
398.28	1501.16
398.49	1546.22
398.70	1525.74
398.91	1644.52
399.13	1523.69
399.34	1662.95
399.55	1581.03
399.76	1509.35
399.97	1562.60
400.18	1587.18
400.40	1630.18
400.61	1531.88
400.82	1507.30
401.03	1572.84
401.24	1617.90
401.45	1531.88
401.66	1509.35
401.88	1560.55
402.09	1552.36
402.30	1589.22
402.51	1535.98
402.72	1609.70
402.93	1568.74
403.15	1521.64
403.36	1558.50
403.57	1638.38
403.78	1495.02
403.99	1572.84
404.20	1499.11
404.41	1601.51
404.62	1572.84
404.84	1523.69
405.05	1636.33
405.26	1554.41
405.47	1535.98
405.68	1538.02
405.89	1638.38
406.10	1619.94
406.32	1601.51
406.53	1505.26
406.74	1585.13
406.95	1505.26
407.16	1513.45
407.37	1585.13
407.58	1548.26
407.79	1564.65
408.01	1509.35
408.22	1613.80
408.43	1546.22
408.64	1548.26
408.85	1484.78
409.06	1605.61
409.27	1527.78
409.48	1634.28
409.69	1462.25
409.91	1593.32
410.12	1488.87
410.33	1578.98
410.54	1570.79
410.75	1538.02
410.96	1562.60
411.17	1533.93
411.38	1568.74
411.59	1558.50
411.80	1638.38
412.02	1617.90
412.23	1609.70
412.44	1568.74
412.65	1523.69
412.86	1585.13
413.07	1535.98
413.28	1599.46
413.49	1468.39
413.70	1581.03
413.91	1515.50
414.12	1546.22
414.33	1505.26
414.55	1558.50
414.76	1574.89
414.97	1583.08
415.18	1511.40
415.39	1634.28
415.60	1568.74
415.81	1556.46
416.02	1529.83
416.23	1581.03
416.44	1591.27
416.65	1550.31
416.86	1570.79
417.07	1540.07
417.28	1578.98
417.49	1626.09
417.71	1542.12
417.92	1568.74
418.13	1900.52
418.34	1660.90
418.55	1535.98
418.76	1687.53
418.97	1630.18
419.18	1621.99
419.39	1538.02
419.60	1556.46
419.81	1619.94
420.02	1570.79
420.23	1634.28
420.44	1570.79
420.65	1583.08
420.86	1527.78
421.07	1554.41
421.28	1589.22
421.49	1535.98
421.70	1642.47
421.91	1621.99
422.13	1505.26
422.34	1535.98
422.55	1619.94
422.76	1636.33
422.97	1667.05
423.18	1527.78
423.39	1560.55
423.60	1611.75
423.81	1558.50
424.02	1458.15
424.23	1605.61
424.44	1521.64
424.65	1548.26
424.86	1488.87
425.07	1589.22
425.28	1578.98
425.49	1568.74
425.70	1568.74
425.91	1687.53
426.12	1466.35
426.33	1587.18
426.54	1523.69
426.75	1535.98
426.96	1554.41
427.17	1517.54
427.38	1572.84
427.59	1558.50
427.80	1474.54
428.01	1546.22
428.22	1519.59
428.43	1523.69
428.64	1538.02
428.85	1613.80
429.06	1581.03
429.27	1511.40
429.48	1507.30
429.69	1554.41
429.90	1560.55
430.11	1605.61
430.32	1550.31
430.53	1673.19
430.74	1578.98
430.95	1564.65
431.16	1628.14
431.37	1636.33
431.58	1705.96
431.79	1632.23
432.00	1538.02
432.21	1490.92
432.42	1595.37
432.63	1591.27
432.84	1540.07
433.04	1499.11
433.25	1568.74
433.46	1540.07
433.67	1570.79
433.88	1562.60
434.09	1531.88
434.30	1527.78
434.51	1570.79
434.72	1607.66
434.93	1576.94
435.14	1542.12
435.35	1621.99
435.56	1648.61
435.77	1615.85
435.98	1499.11
436.19	1564.65
436.40	1583.08
436.61	1556.46
436.82	1628.14
437.03	1533.93
437.24	1626.09
437.44	1533.93
437.65	1566.70
437.86	1585.13
438.07	1636.33
438.28	1630.18
438.49	1490.92
438.70	1544.17
438.91	1638.38
439.12	1505.26
439.33	1550.31
439.54	1574.89
439.75	1613.80
439.96	1529.83
440.17	1544.17
440.38	1499.11
440.58	1538.02
440.79	1535.98
441.00	1527.78
441.21	1615.85
441.42	1521.64
441.63	1556.46
441.84	1634.28
442.05	1505.26
442.26	1511.40
442.47	1609.70
442.68	1529.83
442.88	1601.51
443.09	1564.65
443.30	1435.63
443.51	1574.89
443.72	1527.78
443.93	1521.64
444.14	1556.46
444.35	1517.54
444.56	1535.98
444.77	1511.40
444.97	1503.21
445.18	1626.09
445.39	1595.37
445.60	1572.84
445.81	1607.66
446.02	1589.22
446.23	1599.46
446.44	1654.76
446.65	1523.69
446.85	1544.17
447.06	1478.63
447.27	1511.40
447.48	1556.46
447.69	1535.98
447.90	1533.93
448.11	1619.94
448.32	1601.51
448.52	1538.02
448.73	1601.51
448.94	1601.51
449.15	1544.17
449.36	1538.02
449.57	1845.22
449.78	1589.22
449.99	1515.50
450.19	1574.89
450.40	1613.80
450.61	1505.26
450.82	1558.50
451.03	1507.30
451.24	1578.98
451.45	1626.09
451.65	1632.23
451.86	1595.37
452.07	1540.07
452.28	1531.88
452.49	1585.13
452.70	1572.84
452.91	1617.90
453.11	1550.31
453.32	1511.40
453.53	1634.28
453.74	1595.37
453.95	1603.56
454.16	1636.33
454.36	1540.07
454.57	1482.73
454.78	1527.78
454.99	1554.41
455.20	1544.17
455.41	1548.26
455.61	1542.12
455.82	1488.87
456.03	1581.03
456.24	1613.80
456.45	1595.37
456.65	1599.46
456.86	1570.79
457.07	1550.31
457.28	1544.17
457.49	1615.85
457.70	1546.22
457.90	1619.94
458.11	1626.09
458.32	1546.22
458.53	1683.43
458.74	1558.50
458.94	1562.60
459.15	1599.46
459.36	1544.17
459.57	1578.98
459.78	1466.35
459.98	1632.23
460.19	1617.90
460.40	1484.78
460.61	1636.33
460.82	1515.50
461.02	1578.98
461.23	1531.88
461.44	1591.27
461.65	1556.46
461.86	1546.22
462.06	1605.61
462.27	1460.20
462.48	1570.79
462.69	1558.50
462.90	1568.74
463.10	1509.35
463.31	1581.03
463.52	1535.98
463.73	1544.17
463.93	1558.50
464.14	1562.60
464.35	1486.83
464.56	1501.16
464.77	1589.22
464.97	1609.70
465.18	1548.26
465.39	1652.71
465.60	1572.84
465.80	1628.14
466.01	1609.70
466.22	1521.64
466.43	1556.46
466.63	1527.78
466.84	1640.42
467.05	1560.55
467.26	1546.22
467.46	1531.88
467.67	1540.07
467.88	1531.88
468.09	1576.94
468.29	1591.27
468.50	1603.56
468.71	1576.94
468.92	1568.74
469.12	1529.83
469.33	1482.73
469.54	1574.89
469.75	1531.88
469.95	1599.46
470.16	1566.70
470.37	1646.57
470.58	1611.75
470.78	1525.74
470.99	1542.12
471.20	1540.07
471.41	1558.50
471.61	1626.09
471.82	1499.11
472.03	1538.02
472.23	1611.75
472.44	1521.64
472.65	1687.53
472.86	1495.02
473.06	1554.41
473.27	1558.50
473.48	1468.39
473.68	1527.78
473.89	1578.98
474.10	1683.43
474.31	1566.70
474.51	1554.41
474.72	1605.61
474.93	1531.88
475.13	1601.51
475.34	1456.11
475.55	1619.94
475.76	1578.98
475.96	1624.04
476.17	1560.55
476.38	1566.70
476.58	1619.94
476.79	1540.07
477.00	1538.02
477.20	1609.70
477.41	1558.50
477.62	1617.90
477.83	1593.32
478.03	1589.22
478.24	1591.27
478.45	1642.47
478.65	1624.04
478.86	1556.46
479.07	1599.46
479.27	1621.99
479.48	1621.99
479.69	1589.22
479.89	1513.45
480.10	1531.88
480.31	1533.93
480.51	1615.85
480.72	1562.60
480.93	1558.50
481.13	1542.12
481.34	1624.04
481.55	1488.87
481.75	1619.94
481.96	1560.55
482.17	1613.80
482.37	1601.51
482.58	1542.12
482.79	1644.52
482.99	1597.42
483.20	1529.83
483.41	1572.84
483.61	1617.90
483.82	1585.13
484.03	1572.84
484.23	1503.21
484.44	1615.85
484.65	1609.70
484.85	1654.76
485.06	1607.66
485.26	1478.63
485.47	1540.07
485.68	1621.99
485.88	1521.64
486.09	1570.79
486.30	1595.37
486.50	1611.75
486.71	1505.26
486.92	1613.80
487.12	1603.56
487.33	1550.31
487.53	1654.76
487.74	1542.12
487.95	1480.68
488.15	1679.33
488.36	1523.69
488.57	1456.11
488.77	1525.74
488.98	1624.04
489.18	1525.74
489.39	1593.32
489.60	1568.74
489.80	1667.05
490.01	1525.74
490.21	1535.98
490.42	1480.68
490.63	1527.78
490.83	1556.46
491.04	1591.27
491.24	1662.95
491.45	1497.07
491.66	1581.03
491.86	1564.65
492.07	1542.12
492.27	1558.50
492.48	1478.63
492.69	1497.07
492.89	1523.69
493.10	1669.09
493.30	1523.69
493.51	1542.12
493.72	1527.78
493.92	1650.66
494.13	1533.93
494.33	1607.66
494.54	1599.46
494.75	1533.93
494.95	1538.02
495.16	1568.74
495.36	1585.13
495.57	1605.61
495.77	1538.02
495.98	1566.70
496.19	1578.98
496.39	1566.70
496.60	1515.50
496.80	1523.69
497.01	1499.11
497.21	1595.37
497.42	1527.78
497.63	1558.50
497.83	1574.89
498.04	1542.12
498.24	1572.84
498.45	1544.17
498.65	1613.80
498.86	1609.70
499.06	1603.56
499.27	1529.83
499.48	1552.36
499.68	1650.66
499.89	1470.44
500.09	1560.55
500.30	1556.46
500.50	1581.03
500.71	1660.90
500.91	1562.60
501.12	1613.80
501.32	1503.21
501.53	1574.89
501.74	1601.51
501.94	1540.07
502.15	1550.31
502.35	1568.74
502.56	1523.69
502.76	1564.65
502.97	1441.77
503.17	1540.07
503.38	1619.94
503.58	1552.36
503.79	1593.32
503.99	1603.56
504.20	1531.88
504.40	1552.36
504.61	1613.80
504.81	1513.45
505.02	1603.56
505.22	1544.17
505.43	1585.13
505.63	1609.70
505.84	1624.04
506.04	1519.59
506.25	1558.50
506.45	1562.60
506.66	1558.50
506.86	1552.36
507.07	1669.09
507.27	1611.75
507.48	1548.26
507.68	1519.59
507.89	1523.69
508.09	1558.50
508.30	1527.78
508.50	1583.08
508.71	1566.70
508.91	1572.84
509.12	1544.17
509.32	1617.90
509.53	1609.70
509.73	1531.88
509.94	1525.74
510.14	1527.78
510.35	1564.65
510.55	1490.92
510.76	1519.59
510.96	1583.08
511.17	1529.83
511.37	1515.50
511.58	1566.70
511.78	1509.35
511.99	1568.74
512.19	1509.35
512.40	1554.41
512.60	1619.94
512.80	1513.45
513.01	1533.93
513.21	1578.98
513.42	1601.51
513.62	1552.36
513.83	1558.50
514.03	1452.01
514.24	1621.99
514.44	1652.71
514.65	1544.17
514.85	1626.09
515.05	1544.17
515.26	1630.18
515.46	1634.28
515.67	1589.22
515.87	1544.17
516.08	1517.54
516.28	1519.59
516.49	1492.97
516.69	1535.98
516.89	1578.98
517.10	1585.13
517.30	1564.65
517.51	1585.13
517.71	1529.83
517.92	1560.55
518.12	1535.98
518.32	1609.70
518.53	1585.13
518.73	1519.59
518.94	1540.07
519.14	1562.60
519.35	1525.74
519.55	1486.83
519.75	1535.98
519.96	1464.30
520.16	1529.83
520.37	1642.47
520.57	1507.30
520.78	1576.94
520.98	1544.17
521.18	1499.11
521.39	1576.94
521.59	1630.18
521.80	1509.35
522.00	1495.02
522.20	1597.42
522.41	1597.42
522.61	1603.56
522.82	1605.61
523.02	1597.42
523.22	1540.07
523.43	1560.55
523.63	1593.32
523.84	1581.03
524.04	1585.13
524.24	1472.49
524.45	1601.51
524.65	1462.25
524.85	1523.69
525.06	1568.74
525.26	1562.60
525.47	1523.69
525.67	1578.98
525.87	1636.33
526.08	1585.13
526.28	1644.52
526.48	1511.40
526.69	1662.95
526.89	1482.73
527.10	1568.74
527.30	1546.22
527.50	1589.22
527.71	1535.98
527.91	1591.27
528.11	1546.22
528.32	1490.92
528.52	1531.88
528.72	1556.46
528.93	1671.14
529.13	1601.51
529.34	1615.85
529.54	1578.98
529.74	1593.32
529.95	1581.03
530.15	1511.40
530.35	1505.26
530.56	1511.40
530.76	1566.70
530.96	1538.02
531.17	1583.08
531.37	1544.17
531.57	1497.07
531.78	1556.46
531.98	1587.18
532.18	1513.45
532.39	1562.60
532.59	1609.70
532.79	1499.11
533.00	1552.36
533.20	1507.30
533.40	1533.93
533.61	1488.87
533.81	1615.85
534.01	1589.22
534.22	1515.50
534.42	1556.46
534.62	1646.57
534.83	1482.73
535.03	1576.94
535.23	1519.59
535.44	1628.14
535.64	1531.88
535.84	1583.08
536.05	1517.54
536.25	1509.35
536.45	1499.11
536.65	1554.41
536.86	1472.49
537.06	1595.37
537.26	1591.27
537.47	1628.14
537.67	1519.59
537.87	1548.26
538.08	1646.57
538.28	1660.90
538.48	1632.23
538.68	1556.46
538.89	1560.55
539.09	1638.38
539.29	1630.18
539.50	1605.61
539.70	1531.88
539.90	1515.50
540.10	1540.07
540.31	1521.64
540.51	1544.17
540.71	1593.32
540.92	1480.68
541.12	1488.87
541.32	1519.59
541.52	1550.31
541.73	1568.74
541.93	1495.02
542.13	1560.55
542.33	1538.02
542.54	1542.12
542.74	1517.54
542.94	1615.85
543.14	1527.78
543.35	1570.79
543.55	1552.36
543.75	1474.54
543.96	1595.37
544.16	1544.17
544.36	1650.66
544.56	1501.16
544.77	1449.96
544.97	1505.26
545.17	1503.21
545.37	1650.66
545.58	1503.21
545.78	1546.22
545.98	1564.65
546.18	1554.41
546.38	1587.18
546.59	1570.79
546.79	1587.18
546.99	1626.09
547.19	1531.88
547.40	1613.80
547.60	1552.36
547.80	1558.50
548.00	1636.33
548.21	1525.74
548.41	1531.88
548.61	1558.50
548.81	1519.59
549.01	1521.64
549.22	1572.84
549.42	1619.94
549.62	1621.99
549.82	1499.11
550.03	1519.59
550.23	1542.12
550.43	1599.46
550.63	1585.13
550.83	1609.70
551.04	1505.26
551.24	1593.32
551.44	1538.02
551.64	1501.16
551.84	1613.80
552.05	1619.94
552.25	1613.80
552.45	1578.98
552.65	1562.60
552.85	1595.37
553.06	1564.65
553.26	1548.26
553.46	1540.07
553.66	1548.26
553.86	1538.02
554.07	1544.17
554.27	1497.07
554.47	1554.41
554.67	1576.94
554.87	1591.27
555.08	1556.46
555.28	1495.02
555.48	1540.07
555.68	1556.46
555.88	1603.56
556.08	1515.50
556.29	1644.52
556.49	1509.35
556.69	1497.07
556.89	1540.07
557.09	1581.03
557.29	1497.07
557.50	1589.22
557.70	1564.65
557.90	1599.46
558.10	1603.56
558.30	1619.94
558.50	1495.02
558.71	1621.99
558.91	1603.56
559.11	1628.14
559.31	1578.98
559.51	1574.89
559.71	1538.02
559.91	1544.17
560.12	1546.22
560.32	1554.41
560.52	1560.55
560.72	1570.79
560.92	1556.46
561.12	1558.50
561.32	1677.29
561.53	1495.02
561.73	1570.79
561.93	1564.65
562.13	1439.72
562.33	1535.98
562.53	1523.69
562.73	1576.94
562.93	1531.88
563.14	1576.94
563.34	1544.17
563.54	1447.91
563.74	1574.89
563.94	1538.02
564.14	1552.36
564.34	1566.70
564.54	1562.60
564.75	1601.51
564.95	1564.65
565.15	1589.22
565.35	1490.92
565.55	1578.98
565.75	1654.76
565.95	1556.46
566.15	1611.75
566.35	1472.49
566.56	1552.36
566.76	1576.94
566.96	1556.46
567.16	1507.30
567.36	1564.65
567.56	1564.65
567.76	1587.18
567.96	1572.84
568.16	1511.40
568.36	1574.89
568.56	1482.73
568.77	1517.54
568.97	1568.74
569.17	1472.49
569.37	1599.46
569.57	1550.31
569.77	1466.35
569.97	1619.94
570.17	1513.45
570.37	1601.51
570.57	1566.70
570.77	1568.74
570.97	1597.42
571.18	1609.70
571.38	1535.98
571.58	1521.64
571.78	1515.50
571.98	1583.08
572.18	1640.42
572.38	1568.74
572.58	1478.63
572.78	1574.89
572.98	1568.74
573.18	1564.65
573.38	1542.12
573.58	1556.46
573.78	1542.12
573.98	1566.70
574.18	1572.84
574.38	1466.35
574.58	1611.75
574.79	1552.36
574.99	1576.94
575.19	1474.54
575.39	1492.97
575.59	1501.16
575.79	1615.85
575.99	1511.40
576.19	1621.99
576.39	1585.13
576.59	1488.87
576.79	1552.36
576.99	1529.83
577.19	1570.79
577.39	1589.22
577.59	1529.83
577.79	1638.38
577.99	1564.65
578.19	1591.27
578.39	1581.03
578.59	1570.79
578.79	1449.96
578.99	1558.50
579.19	1464.30
579.39	1529.83
579.59	1578.98
579.79	1665.00
579.99	1621.99
580.19	1538.02
580.39	1525.74
580.59	1632.23
580.79	1564.65
580.99	1531.88
581.19	1634.28
581.39	1527.78
581.59	1675.24
581.79	1611.75
581.99	1603.56
582.19	1538.02
582.39	1564.65
582.59	1568.74
582.79	1562.60
582.99	1605.61
583.19	1488.87
583.39	1621.99
583.59	1578.98
583.79	1585.13
583.99	1544.17
584.19	1636.33
584.39	1578.98
584.59	1513.45
584.79	1550.31
584.99	1619.94
585.19	1644.52
585.39	1546.22
585.59	1587.18
585.79	1564.65
585.99	1576.94
586.19	1550.31
586.39	1542.12
586.59	1538.02
586.79	1581.03
586.99	1757.16
587.19	1638.38
587.39	1552.36
587.59	1552.36
587.78	1560.55
587.98	1474.54
588.18	1548.26
588.38	1585.13
588.58	1535.98
588.78	1511.40
588.98	1585.13
589.18	1533.93
589.38	1535.98
589.58	1560.55
589.78	1486.83
589.98	1523.69
590.18	1562.60
590.38	1562.60
590.58	1474.54
590.78	1564.65
590.98	1611.75
591.17	1540.07
591.37	1568.74
591.57	1490.92
591.77	1587.18
591.97	1634.28
592.17	1497.07
592.37	1576.94
592.57	1535.98
592.77	1544.17
592.97	1587.18
593.17	1523.69
593.37	1581.03
593.57	1527.78
593.76	1499.11
593.96	1587.18
594.16	1535.98
594.36	1652.71
594.56	1599.46
594.76	1621.99
594.96	1642.47
595.16	1568.74
595.36	1585.13
595.56	1511.40
595.75	1597.42
595.95	1511.40
596.15	1595.37
596.35	1640.42
596.55	1484.78
596.75	1589.22
596.95	1562.60
597.15	1517.54
597.35	1525.74
597.55	1515.50
597.74	1503.21
597.94	1470.44
598.14	1628.14
598.34	1544.17
598.54	1521.64
598.74	1560.55
598.94	1626.09
599.14	1507.30
599.33	1531.88
599.53	1568.74
599.73	1525.74
599.93	1521.64
600.13	1556.46
600.33	1552.36
600.53	1578.98
600.72	1564.65
600.92	1587.18
601.12	1540.07
601.32	1552.36
601.52	1533.93
601.72	1519.59
601.92	1609.70
602.11	1488.87
602.31	1511.40
602.51	1544.17
602.71	1576.94
602.91	1540.07
603.11	1560.55
603.31	1568.74
603.50	1519.59
603.70	1576.94
603.90	1574.89
604.10	1587.18
604.30	1630.18
604.50	1529.83
604.69	1583.08
604.89	1568.74
605.09	1611.75
605.29	1542.12
605.49	1646.57
605.69	1538.02
605.88	1540.07
606.08	1570.79
606.28	1585.13
606.48	1519.59
606.68	1560.55
606.87	1619.94
607.07	1538.02
607.27	1525.74
607.47	1523.69
607.67	1535.98
607.87	1583.08
608.06	1554.41
608.26	1445.87
608.46	1652.71
608.66	1589.22
608.86	1499.11
609.05	1531.88
609.25	1546.22
609.45	1505.26
609.65	1478.63
609.85	1560.55
610.04	1613.80
610.24	1560.55
610.44	1490.92
610.64	1490.92
610.84	1581.03
611.03	1570.79
611.23	1533.93
611.43	1460.20
611.63	1601.51
611.82	1587.18
612.02	1501.16
612.22	1578.98
612.42	1648.61
612.62	1535.98
612.81	1535.98
613.01	1581.03
613.21	1511.40
613.41	1554.41
613.60	1544.17
613.80	1601.51
614.00	1519.59
614.20	1527.78
614.40	1632.23
614.59	1505.26
614.79	1578.98
614.99	1529.83
615.19	1595.37
615.38	1558.50
615.58	1515.50
615.78	1570.79
615.98	1626.09
616.17	1521.64
616.37	1648.61
616.57	1572.84
616.77	1540.07
616.96	1568.74
617.16	1566.70
617.36	1609.70
617.56	1654.76
617.75	1624.04
617.95	1492.97
618.15	1423.34
618.35	1566.70
618.54	1593.32
618.74	1501.16
618.94	1628.14
619.13	1566.70
619.33	1509.35
619.53	1581.03
619.73	1548.26
619.92	1527.78
620.12	1687.53
620.32	1529.83
620.52	1564.65
620.71	1546.22
620.91	1544.17
621.11	1587.18
621.30	1560.55
621.50	1527.78
621.70	1550.31
621.90	1558.50
622.09	1583.08
622.29	1585.13
622.49	1540.07
622.68	1523.69
622.88	1492.97
623.08	1654.76
623.27	1589.22
623.47	1603.56
623.67	1593.32
623.87	1531.88
624.06	1517.54
624.26	1597.42
624.46	1423.34
624.65	1564.65
624.85	1456.11
625.05	1554.41
625.24	1546.22
625.44	1626.09
625.64	1570.79
625.83	1595.37
626.03	1603.56
626.23	1554.41
626.42	1621.99
626.62	1585.13
626.82	1499.11
627.01	1601.51
627.21	1646.57
627.41	1519.59
627.60	1548.26
627.80	1556.46
628.00	1521.64
628.19	1613.80
628.39	1558.50
628.59	1601.51
628.78	1490.92
628.98	1560.55
629.18	1505.26
629.37	1576.94
629.57	1603.56
629.77	1558.50
629.96	1560.55
630.16	1634.28
630.36	1576.94
630.55	1611.75
630.75	1566.70
630.95	1611.75
631.14	1570.79
631.34	1609.70
631.54	1572.84
631.73	1562.60
631.93	1513.45
632.12	1574.89
632.32	1607.66
632.52	1519.59
632.71	1581.03
632.91	1589.22
633.11	1503.21
633.30	1591.27
633.50	1591.27
633.69	1576.94
633.89	1593.32
634.09	1552.36
634.28	1576.94
634.48	1675.24
634.68	1556.46
634.87	1632.23
635.07	1470.44
635.26	1554.41
635.46	1535.98
635.66	1554.41
635.85	1568.74
636.05	1511.40
636.24	1564.65
636.44	1548.26
636.64	1515.50
636.83	1513.45
637.03	1525.74
637.22	1626.09
637.42	1484.78
637.62	1576.94
637.81	1535.98
638.01	1531.88
638.20	1511.40
638.40	1652.71
638.60	1507.30
638.79	1576.94
638.99	1505.26
639.18	1552.36
639.38	1544.17
639.57	1587.18
639.77	1587.18
639.97	1490.92
640.16	1585.13
640.36	1538.02
640.55	1544.17
640.75	1632.23
640.94	1632.23
641.14	1691.62
641.34	1611.75
641.53	1484.78
641.73	1572.84
641.92	1595.37
642.12	1525.74
642.31	1515.50
642.51	1636.33
642.71	1548.26
642.90	1566.70
643.10	1462.25
643.29	1558.50
643.49	1581.03
643.68	1554.41
643.88	1552.36
644.07	1515.50
644.27	1544.17
644.46	1535.98
644.66	1581.03
644.86	1734.63
645.05	1656.81
645.25	1601.51
645.44	1570.79
645.64	1595.37
645.83	1609.70
646.03	1511.40
646.22	1564.65
646.42	1523.69
646.61	1593.32
646.81	1585.13
647.00	1566.70
647.20	1535.98
647.39	1540.07
647.59	1513.45
647.78	1605.61
647.98	1601.51
648.18	1529.83
648.37	1519.59
648.57	1595.37
648.76	1523.69
648.96	1556.46
649.15	1529.83
649.35	1523.69
649.54	1550.31
649.74	1601.51
649.93	1544.17
650.13	1499.11
650.32	1624.04
650.52	1556.46
650.71	1558.50
650.91	1548.26
651.10	1482.73
651.30	1531.88
651.49	1578.98
651.69	1621.99
651.88	1535.98
652.08	1593.32
652.27	1560.55
652.46	1554.41
652.66	1544.17
652.85	1601.51
653.05	1615.85
653.24	1628.14
653.44	1642.47
653.63	1560.55
653.83	1607.66
654.02	1531.88
654.22	1552.36
654.41	1552.36
654.61	1458.15
654.80	1585.13
655.00	1560.55
655.19	1599.46
655.39	1583.08
655.58	1611.75
655.77	1544.17
655.97	1513.45
656.16	1574.89
656.36	1587.18
656.55	1558.50
656.75	1605.61
656.94	1452.01
657.14	1552.36
657.33	1630.18
657.53	1486.83
657.72	1568.74
657.91	1673.19
658.11	1585.13
658.30	1529.83
658.50	1568.74
658.69	1515.50
658.89	1562.60
659.08	1501.16
659.27	1544.17
659.47	1669.09
659.66	1552.36
659.86	1595.37
660.05	1538.02
660.25	1499.11
660.44	1542.12
660.63	1642.47
660.83	1492.97
661.02	1552.36
661.22	1554.41
661.41	1527.78
661.61	1546.22
661.80	1531.88
661.99	1552.36
662.19	1601.51
662.38	1540.07
662.58	1572.84
662.77	1660.90
662.96	1544.17
663.16	1554.41
663.35	1687.53
663.55	1634.28
663.74	1572.84
663.93	1513.45
664.13	1578.98
664.32	1548.26
664.52	1535.98
664.71	1611.75
664.90	1570.79
665.10	1617.90
665.29	1533.93
665.49	1558.50
665.68	1540.07
665.87	1560.55
666.07	1638.38
666.26	1593.32
666.45	1605.61
666.65	1611.75
666.84	1589.22
667.04	1581.03
667.23	1560.55
667.42	1544.17
667.62	1542.12
667.81	1572.84
668.00	1499.11
668.20	1523.69
668.39	1562.60
668.58	1527.78
668.78	1482.73
668.97	1572.84
669.17	1523.69
669.36	1523.69
669.55	1519.59
669.75	1531.88
669.94	1519.59
670.13	1546.22
670.33	1640.42
670.52	1701.86
670.71	1546.22
670.91	1560.55
671.10	1544.17
671.29	1525.74
671.49	1585.13
671.68	1499.11
671.87	1544.17
672.07	1548.26
672.26	1538.02
672.45	1609.70
672.65	1499.11
672.84	1662.95
673.03	1497.07
673.23	1523.69
673.42	1585.13
673.61	1611.75
673.81	1558.50
674.00	1431.53
674.19	1564.65
674.39	1585.13
674.58	1638.38
674.77	1445.87
674.97	1519.59
675.16	1486.83
675.35	1591.27
675.55	1589.22
675.74	1540.07
675.93	1587.18
676.12	1533.93
676.32	1511.40
676.51	1568.74
676.70	1515.50
676.90	1601.51
677.09	1595.37
677.28	1490.92
677.48	1513.45
677.67	1552.36
677.86	1513.45
678.05	1503.21
678.25	1658.85
678.44	1589.22
678.63	1484.78
678.83	1621.99
679.02	1634.28
679.21	1615.85
679.40	1587.18
679.60	1583.08
679.79	1474.54
679.98	1656.81
680.17	1601.51
680.37	1644.52
680.56	1480.68
680.75	1535.98
680.95	1546.22
681.14	1597.42
681.33	1562.60
681.52	1593.32
681.72	1511.40
681.91	1585.13
682.10	1540.07
682.29	1517.54
682.49	1521.64
682.68	1589.22
682.87	1554.41
683.06	1595.37
683.26	1527.78
683.45	1585.13
683.64	1634.28
683.83	1538.02
684.03	1525.74
684.22	1523.69
684.41	1560.55
684.60	1462.25
684.80	1644.52
684.99	1507.30
685.18	1609.70
685.37	1499.11
685.56	1621.99
685.76	1548.26
685.95	1597.42
686.14	1505.26
686.33	1552.36
686.53	1642.47
686.72	1556.46
686.91	1611.75
687.10	1521.64
687.29	1609.70
687.49	1619.94
687.68	1609.70
687.87	1523.69
688.06	1570.79
688.26	1587.18
688.45	1540.07
688.64	1564.65
688.83	1490.92
689.02	1601.51
689.22	1486.83
689.41	1558.50
689.60	1546.22
689.79	1558.50
689.98	1597.42
690.18	1595.37
690.37	1570.79
690.56	1570.79
690.75	1564.65
690.94	1458.15
691.13	1621.99
691.33	1593.32
691.52	1468.39
691.71	1593.32
691.90	1490.92
692.09	1538.02
692.29	1626.09
692.48	1609.70
692.67	1523.69
692.86	1527.78
693.05	1490.92
693.24	1527.78
693.44	1544.17
693.63	1576.94
693.82	1617.90
694.01	1548.26
694.20	1636.33
694.39	1540.07
694.59	1515.50
694.78	1564.65
694.97	1593.32
695.16	1568.74
695.35	1628.14
695.54	1517.54
695.74	1552.36
695.93	1560.55
696.12	1624.04
696.31	1646.57
696.50	1636.33
696.69	1503.21
696.88	1607.66
697.08	1591.27
697.27	1552.36
697.46	1570.79
697.65	1595.37
697.84	1499.11
698.03	1644.52
698.22	1529.83
698.41	1556.46
698.61	1601.51
698.80	1519.59
698.99	1621.99
699.18	1576.94
699.37	1544.17
699.56	1589.22
699.75	1687.53
699.94	1486.83
700.14	1609.70
700.33	1550.31
700.52	1599.46
700.71	1511.40
700.90	1454.06
701.09	1538.02
701.28	1556.46
701.47	1527.78
701.66	1511.40
701.86	1607.66
702.05	1538.02
702.24	1638.38
702.43	1546.22
702.62	1497.07
702.81	1574.89
703.00	1636.33
703.19	1585.13
703.38	1542.12
703.57	1490.92
703.77	1540.07
703.96	1495.02
704.15	1540.07
704.34	1658.85
704.53	1570.79
704.72	1562.60
704.91	1544.17
705.10	1597.42
705.29	1593.32
705.48	1626.09
705.67	1585.13
705.86	1546.22
706.05	1560.55
706.25	1564.65
706.44	1495.02
706.63	1615.85
706.82	1650.66
707.01	1544.17
707.20	1578.98
707.39	1474.54
707.58	1574.89
707.77	1583.08
707.96	1587.18
708.15	1544.17
708.34	1660.90
708.53	1521.64
708.72	1525.74
708.91	1546.22
709.10	1560.55
709.29	1540.07
709.48	1544.17
709.67	1554.41
709.87	1621.99
710.06	1593.32
710.25	1650.66
710.44	1499.11
710.63	1535.98
710.82	1636.33
711.01	1568.74
711.20	1535.98
711.39	1603.56
711.58	1609.70
711.77	1589.22
711.96	1566.70
712.15	1499.11
712.34	1529.83
712.53	1568.74
712.72	1589.22
712.91	1585.13
713.10	1550.31
713.29	1576.94
713.48	1589.22
713.67	1650.66
713.86	1566.70
714.05	1621.99
714.24	1554.41
714.43	1591.27
714.62	1564.65
714.81	1656.81
715.00	1566.70
715.19	1566.70
715.38	1650.66
715.57	1638.38
715.76	1548.26
715.95	1834.98
716.14	1535.98
716.33	1523.69
716.52	1464.30
716.71	1644.52
716.90	1542.12
717.09	1560.55
717.28	1566.70
717.47	1538.02
717.66	1478.63
717.85	1615.85
718.04	1552.36
718.23	1585.13
718.42	1554.41
718.61	1626.09
718.80	1601.51
718.99	1560.55
719.18	1650.66
719.37	1619.94
719.55	1591.27
719.74	1556.46
719.93	1589.22
720.12	1509.35
720.31	1542.12
720.50	1599.46
720.69	1538.02
720.88	1587.18
721.07	1585.13
721.26	1587.18
721.45	1535.98
721.64	1484.78
721.83	1531.88
722.02	1529.83
722.21	1654.76
722.40	1560.55
722.59	1425.39
722.78	1619.94
722.97	1615.85
723.15	1597.42
723.34	1492.97
723.53	1507.30
723.72	1521.64
723.91	1630.18
724.10	1570.79
724.29	1503.21
724.48	1527.78
724.67	1572.84
724.86	1697.77
725.05	1464.30
725.24	1624.04
725.43	1535.98
725.61	1587.18
725.80	1601.51
725.99	1667.05
726.18	1611.75
726.37	1683.43
726.56	1546.22
726.75	1552.36
726.94	1552.36
727.13	1544.17
727.32	1552.36
727.50	1587.18
727.69	1519.59
727.88	1548.26
728.07	1511.40
728.26	1527.78
728.45	1546.22
728.64	1572.84
728.83	1470.44
729.02	1574.89
729.21	1570.79
729.39	1568.74
729.58	1519.59
729.77	1544.17
729.96	1511.40
730.15	1646.57
730.34	1544.17
730.53	1503.21
730.72	1519.59
730.90	1523.69
731.09	1535.98
731.28	1523.69
731.47	1671.14
731.66	1652.71
731.85	1572.84
732.04	1566.70
732.22	1578.98
732.41	1474.54
732.60	1531.88
732.79	1615.85
732.98	1597.42
733.17	1499.11
733.36	1570.79
733.54	1648.61
733.73	1681.38
733.92	1585.13
734.11	1523.69
734.30	1638.38
734.49	1642.47
734.67	1630.18
734.86	1527.78
735.05	1564.65
735.24	1572.84
735.43	1630.18
735.62	1521.64
735.80	1578.98
735.99	1546.22
736.18	1550.31
736.37	1626.09
736.56	1581.03
736.75	1509.35
736.93	1542.12
737.12	1497.07
737.31	1556.46
737.50	1632.23
737.69	1642.47
737.87	1574.89
738.06	1533.93
738.25	1548.26
738.44	1550.31
738.63	1529.83
738.82	1546.22
739.00	1609.70
739.19	1576.94
739.38	1535.98
739.57	1535.98
739.76	1574.89
739.94	1544.17
740.13	1490.92
740.32	1599.46
740.51	1554.41
740.69	1585.13
740.88	1515.50
741.07	1527.78
741.26	1595.37
741.45	1527.78
741.63	1630.18
741.82	1552.36
742.01	1607.66
742.20	1546.22
742.39	1595.37
742.57	1525.74
742.76	1615.85
742.95	1603.56
743.14	1593.32
743.32	1597.42
743.51	1581.03
743.70	1568.74
743.89	1523.69
744.07	1556.46
744.26	1507.30
744.45	1525.74
744.64	1591.27
744.82	1509.35
745.01	1495.02
745.20	1603.56
745.39	1556.46
745.57	1511.40
745.76	1621.99
745.95	1601.51
746.14	1611.75
746.32	1611.75
746.51	1964.00
746.70	1632.23
746.89	1646.57
747.07	1562.60
747.26	1601.51
747.45	1560.55
747.64	1540.07
747.82	1503.21
748.01	1544.17
748.20	1593.32
748.39	1587.18
748.57	1564.65
748.76	1488.87
748.95	1587.18
749.13	1560.55
749.32	1650.66
749.51	1597.42
749.70	1558.50
749.88	1568.74
750.07	1511.40
750.26	1671.14
750.44	1529.83
750.63	1548.26
750.82	1538.02
751.01	1581.03
751.19	1533.93
751.38	1538.02
751.57	1546.22
751.75	1601.51
751.94	1638.38
752.13	1609.70
752.31	1552.36
752.50	1644.52
752.69	1546.22
752.87	1642.47
753.06	1589.22
753.25	1535.98
753.44	1572.84
753.62	1591.27
753.81	1568.74
754.00	1656.81
754.18	1523.69
754.37	1624.04
754.56	1552.36
754.74	1562.60
754.93	1556.46
755.12	1595.37
755.30	1632.23
755.49	1605.61
755.68	1576.94
755.86	1572.84
756.05	1511.40
756.24	1572.84
756.42	1605.61
756.61	1497.07
756.80	1576.94
756.98	1601.51
757.17	1572.84
757.36	1566.70
757.54	1646.57
757.73	1558.50
757.91	1611.75
758.10	1556.46
758.29	1675.24
758.47	1626.09
758.66	1601.51
758.85	1628.14
759.03	1585.13
759.22	1554.41
759.41	1564.65
759.59	1550.31
759.78	1540.07
759.96	1556.46
760.15	1499.11
760.34	1624.04
760.52	1636.33
760.71	1558.50
760.90	1615.85
761.08	1621.99
761.27	1626.09
761.45	1607.66
761.64	1587.18
761.83	1665.00
762.01	1630.18
762.20	1527.78
762.39	1562.60
762.57	1564.65
762.76	1583.08
762.94	1519.59
763.13	1597.42
763.32	1548.26
763.50	1574.89
763.69	1603.56
763.87	1589.22
764.06	1552.36
764.25	1546.22
764.43	1576.94
764.62	1624.04
764.80	1558.50
764.99	1570.79
765.17	1648.61
765.36	1552.36
765.55	1605.61
765.73	1515.50
765.92	1576.94
766.10	1621.99
766.29	1595.37
766.48	1568.74
766.66	1576.94
766.85	1585.13
767.03	1572.84
767.22	1564.65
767.40	1587.18
767.59	1591.27
767.78	1497.07
767.96	1556.46
768.15	1654.76
768.33	1544.17
768.52	1546.22
768.70	1576.94
768.89	1617.90
769.07	1611.75
769.26	1613.80
769.45	1615.85
769.63	1673.19
769.82	1572.84
770.00	1617.90
770.19	1533.93
770.37	1540.07
770.56	1634.28
770.74	1611.75
770.93	1564.65
771.11	1591.27
771.30	1531.88
771.48	1585.13
771.67	1574.89
771.86	1648.61
772.04	1511.40
772.23	1581.03
772.41	1546.22
772.60	1599.46
772.78	1603.56
772.97	1490.92
773.15	1578.98
773.34	1597.42
773.52	1546.22
773.71	1591.27
773.89	1519.59
774.08	1581.03
774.26	1642.47
774.45	1593.32
774.63	1587.18
774.82	1650.66
775.00	1630.18
775.19	1599.46
775.37	1636.33
775.56	1593.32
775.74	1570.79
775.93	1593.32
776.11	1568.74
776.30	1621.99
776.48	1605.61
776.67	1650.66
776.85	1562.60
777.04	1609.70
777.22	1593.32
777.41	1585.13
777.59	1617.90
777.78	1595.37
777.96	1617.90
778.15	1499.11
778.33	1652.71
778.52	1611.75
778.70	1636.33
778.88	1558.50
779.07	1542.12
779.25	1542.12
779.44	1615.85
779.62	1544.17
779.81	1646.57
779.99	1599.46
780.18	1570.79
780.36	1605.61
780.55	1558.50
780.73	1558.50
780.92	1572.84
781.10	1581.03
781.28	1589.22
781.47	1624.04
781.65	1566.70
781.84	1617.90
782.02	1615.85
782.21	1560.55
782.39	1556.46
782.58	1626.09
782.76	1589.22
782.94	1578.98
783.13	1609.70
783.31	1591.27
783.50	1607.66
783.68	1572.84
783.87	1658.85
784.05	1607.66
784.23	1576.94
784.42	1619.94
784.60	1636.33
784.79	1665.00
784.97	1576.94
785.15	1681.38
785.34	1703.91
785.52	1617.90
785.71	1617.90
785.89	1644.52
786.08	1552.36
786.26	1546.22
786.44	1656.81
786.63	1722.34
786.81	1570.79
787.00	1556.46
787.18	1540.07
787.36	1599.46
787.55	1578.98
787.73	1591.27
787.91	1570.79
788.10	1634.28
788.28	1656.81
788.47	1656.81
788.65	1609.70
788.83	1703.91
789.02	1615.85
789.20	1646.57
789.39	1538.02
789.57	1652.71
789.75	1712.10
789.94	1634.28
790.12	1634.28
790.30	1650.66
790.49	1515.50
790.67	1591.27
790.86	1595.37
791.04	1658.85
791.22	1652.71
791.41	1591.27
791.59	1566.70
791.77	1675.24
791.96	1593.32
792.14	1683.43
792.32	1556.46
792.51	1691.62
792.69	1697.77
792.87	1642.47
793.06	1644.52
793.24	1683.43
793.42	1634.28
793.61	1738.73
793.79	1621.99
793.98	1654.76
794.16	1671.14
794.34	1656.81
794.53	1650.66
794.71	1624.04
794.89	1695.72
795.08	1650.66
795.26	1708.01
795.44	1697.77
795.62	1658.85
795.81	1771.49
795.99	1613.80
796.17	1695.72
796.36	1708.01
796.54	1656.81
796.72	1695.72
796.91	1683.43
797.09	1695.72
797.27	1699.81
797.46	1708.01
797.64	1738.73
797.82	1759.21
798.01	1722.34
798.19	1679.33
798.37	1728.49
798.55	1710.05
798.74	1683.43
798.92	1708.01
799.10	1720.29
799.29	1818.60
799.47	1865.70
799.65	1736.68
799.84	1812.45
800.02	1802.21
800.20	1822.69
800.38	1769.44
800.57	1804.26
800.75	1923.04
800.93	1787.88
801.11	1800.16
801.30	1859.56
801.48	1898.47
801.66	1843.17
801.85	1867.75
802.03	1892.32
802.21	1892.32
802.39	2031.58
802.58	1929.19
802.76	1976.29
802.94	1964.00
803.12	1927.14
803.31	1957.86
803.49	2039.78
803.67	2050.02
803.85	2080.74
804.04	2045.92
804.22	2140.13
804.40	2158.56
804.58	2185.18
804.77	2084.83
804.95	2250.72
805.13	2179.04
805.31	2265.05
805.50	2078.69
805.68	2222.05
805.86	2242.53
806.04	2308.06
806.23	2308.06
806.41	2332.64
806.59	2412.51
806.77	2387.93
806.95	2459.61
807.14	2512.86
807.32	2478.04
807.50	2482.14
807.68	2605.02
807.87	2527.19
808.05	2578.39
808.23	2748.37
808.41	2643.93
808.59	2781.14
808.78	2805.72
808.96	2820.05
809.14	2838.48
809.32	2867.16
809.50	2873.30
809.69	2873.30
809.87	2957.27
810.05	2977.75
810.23	3223.50
810.41	3215.31
810.60	3254.22
810.78	3278.80
810.96	3397.58
811.14	3315.66
811.32	3420.11
811.51	3377.10
811.69	3549.13
811.87	3538.89
812.05	3647.43
812.23	3631.05
812.41	3913.67
812.60	3964.87
812.78	3895.24
812.96	3989.44
813.14	3985.35
813.32	4018.11
813.50	4239.30
813.69	4478.91
813.87	4196.29
814.05	4513.72
814.23	4575.16
814.41	4691.90
814.59	4652.98
814.78	4837.30
814.96	4849.59
815.14	5193.65
815.32	5240.75
815.50	5199.79
815.68	5386.16
815.87	5638.06
816.05	5550.00
816.23	5738.41
816.41	6010.79
816.59	5842.85
816.77	6135.71
816.95	6365.09
817.13	6567.84
817.32	6623.13
817.50	6803.35
817.68	6797.21
817.86	7065.49
818.04	7237.52
818.22	7450.51
818.40	7532.43
818.59	7614.35
818.77	7702.41
818.95	7905.16
819.13	8079.24
819.31	8130.44
819.49	8509.31
819.67	8447.87
819.85	8851.32
820.03	8929.14
820.22	9039.73
820.40	9367.41
820.58	9774.95
820.76	9756.52
820.94	10045.29
821.12	10110.82
821.30	10452.83
821.48	10661.73
821.66	10981.21
821.84	11159.38
822.03	11448.15
822.21	11419.47
822.39	11659.09
822.57	12214.09
822.75	12414.79
822.93	12695.36
823.11	12717.89
823.29	13160.25
823.47	13319.99
823.65	13315.89
823.83	13647.66
824.01	13995.82
824.19	14008.11
824.38	14497.57
824.56	14573.35
824.74	15071.00
824.92	15472.40
825.10	15744.78
825.28	15847.18
825.46	16312.07
825.64	16750.34
825.82	16973.56
826.00	17327.86
826.18	17557.24
826.36	17739.51
826.54	18075.37
826.72	18458.34
826.90	19238.62
827.08	19076.83
827.26	19635.92
827.44	20373.19
827.63	20356.81
827.81	20790.98
827.99	20960.96
828.17	21659.32
828.35	21909.17
828.53	22460.07
828.71	22568.62
828.89	23344.80
829.07	23465.63
829.25	23537.30
829.43	24721.03
829.61	24460.94
829.79	25489.02
829.97	25575.03
830.15	25884.28
830.33	26637.93
830.51	26971.75
830.69	27455.07
830.87	27692.63
831.05	28274.26
831.23	28567.12
831.41	29285.95
831.59	29427.26
831.77	30084.66
831.95	30389.81
832.13	30656.04
832.31	31057.45
832.49	31628.83
832.67	32409.11
832.85	32642.57
833.03	32824.84
833.21	34387.44
833.39	34375.16
833.57	34217.46
833.75	34846.19
833.93	35012.07
834.11	35892.70
834.29	36466.13
834.47	36642.26
834.65	37897.66
834.83	37416.39
835.01	38761.90
835.19	38786.48
835.37	39957.92
835.55	40344.98
835.73	40740.24
835.91	41762.18
836.09	42192.25
836.27	43019.63
836.45	43496.81
836.62	43564.39
836.80	44772.69
836.98	45258.06
837.16	45548.87
837.34	46089.54
837.52	46843.19
837.70	47457.58
837.88	47498.54
838.06	48262.43
838.24	49167.63
838.42	49523.98
838.60	50263.30
838.78	49964.29
838.96	50840.82
839.14	51547.37
839.32	51692.78
839.50	52489.44
839.68	52907.22
839.85	52657.37
840.03	53732.56
840.21	53576.91
840.39	54355.14
840.57	54654.14
840.75	55399.60
840.93	54967.48
841.11	56102.06
841.29	56329.38
841.47	56591.52
841.65	57431.19
841.83	57531.54
842.00	58600.58
842.18	58686.59
842.36	59554.93
842.54	59612.27
842.72	59782.26
842.90	60578.92
843.08	60675.17
843.26	61133.92
843.44	61291.61
843.62	61695.06
843.79	62786.63
843.97	62346.31
844.15	62913.60
844.33	63501.37
844.51	62739.52
844.69	63208.51
844.87	63743.03
845.05	64039.98
845.23	64457.77
845.40	64351.27
845.58	64005.17
845.76	64310.31
845.94	64775.20
846.12	65303.58
846.30	65063.97
846.48	64562.21
846.66	64939.04
846.83	64863.27
847.01	65008.67
847.19	65006.62
847.37	64879.65
847.55	65098.78
847.73	65070.11
847.91	64390.19
848.08	64506.92
848.26	64152.62
848.44	64226.35
848.62	63562.81
848.80	64005.17
848.98	63734.84
849.15	63773.75
849.33	62972.99
849.51	63599.67
849.69	63390.78
849.87	63218.75
850.05	63605.81
850.23	62917.70
850.40	63466.55
850.58	63183.93
850.76	62776.39
850.94	62895.17
851.12	62708.80
851.29	63030.33
851.47	62688.32
851.65	62471.24
851.83	61936.72
852.01	61367.38
852.19	61363.29
852.36	61228.12
852.54	60691.55
852.72	60656.74
852.90	60619.88
853.08	59683.95
853.25	59968.62
853.43	59372.66
853.61	58481.80
853.79	58340.49
853.97	57785.49
854.14	57523.35
854.32	56829.08
854.50	56970.39
854.68	56579.23
854.86	56376.48
855.03	55602.35
855.21	55317.68
855.39	54568.13
855.57	54656.19
855.75	54197.44
855.92	53935.30
856.10	53408.98
856.28	53138.65
856.46	52221.16
856.63	52083.94
856.81	51864.81
856.99	51690.73
857.17	51031.29
857.35	49929.48
857.52	49630.47
857.70	49192.21
857.88	48434.46
858.06	47502.64
858.23	46783.80
858.41	46568.76
858.59	45321.55
858.77	44862.80
858.94	44375.39
859.12	43851.11
859.30	43144.56
859.48	42724.72
859.65	42079.61
859.83	41520.52
860.01	40928.66
860.19	40467.86
860.36	39708.07
860.54	38831.54
860.72	38776.24
860.90	38022.59
861.07	37690.82
861.25	36728.27
861.43	36201.94
861.60	35581.41
861.78	35468.77
861.96	34287.09
862.14	33678.85
862.31	33463.81
862.49	33256.96
862.67	32302.61
862.84	31692.32
863.02	31219.24
863.20	30760.49
863.38	30225.97
863.55	29513.28
863.73	28952.13
863.91	28698.19
864.08	28466.77
864.26	28210.77
864.44	27778.65
864.62	27190.88
864.79	26953.32
864.97	26625.64
865.15	26304.11
865.32	26060.40
865.50	25304.70
865.68	25491.07
865.85	24764.04
866.03	24405.64
866.21	23846.55
866.38	23651.99
866.56	23373.47
866.74	22871.72
866.92	22445.74
867.09	22052.53
867.27	21513.91
867.45	21577.40
867.62	20995.78
867.80	20512.46
867.98	20025.04
868.15	19920.59
868.33	19275.48
868.51	19119.84
868.68	18812.64
868.86	18726.63
869.04	18263.79
869.21	17952.49
869.39	17606.39
869.56	17282.81
869.74	17035.00
869.92	16887.55
870.09	16477.96
870.27	15957.77
870.45	16015.12
870.62	15808.27
870.80	15281.94
870.98	15058.71
871.15	14767.90
871.33	14636.83
871.51	14327.59
871.68	14112.55
871.86	13782.83
872.03	13383.48
872.21	13537.07
872.39	13207.35
872.56	12736.32
872.74	12547.90
872.92	12461.89
873.09	12339.01
873.27	11972.43
873.44	11874.12
873.62	11657.04
873.80	11351.89
873.97	11061.08
874.15	10940.25
874.32	10794.84
874.50	10450.78
874.68	10428.26
874.85	10045.29
875.03	10112.87
875.20	9680.75
875.38	9926.50
875.56	9500.53
875.73	9142.13
875.91	9135.99
876.08	9009.01
876.26	8724.35
876.44	8677.24
876.61	8390.53
876.79	8449.92
876.96	8312.71
877.14	8208.26
877.32	8013.70
877.49	7999.37
877.67	7630.73
877.84	7761.80
878.02	7602.06
878.19	7458.70
878.37	7266.19
878.55	7118.74
878.72	7032.72
878.90	6915.99
879.07	6922.13
879.25	6784.92
879.42	6676.38
879.60	6545.31
879.77	6340.51
879.95	6444.96
880.13	6236.06
880.30	6092.71
880.48	5973.92
880.65	5816.23
880.83	5808.04
881.00	5881.77
881.18	5762.98
881.35	5478.32
881.53	5683.11
881.70	5418.93
881.88	5420.97
882.06	5345.20
882.23	5087.15
882.41	5173.17
882.58	5195.70
882.76	5124.02
882.93	5017.52
883.11	5072.82
883.28	4949.94
883.46	4790.20
883.63	4747.19
883.81	4718.52
883.98	4648.89
884.16	4603.83
884.33	4650.94
884.51	4421.56
884.68	4331.45
884.86	4341.69
885.03	4347.84
885.21	4313.02
885.38	4386.75
885.56	4052.93
885.73	4206.53
885.91	4054.98
886.08	3993.54
886.26	3901.38
886.43	4009.92
886.61	4028.35
886.78	3880.90
886.96	3846.09
887.13	3741.64
887.31	3678.15
887.48	3680.20
887.66	3559.37
887.83	3461.07
888.01	3450.83
888.18	3387.34
888.36	3669.96
888.53	3510.22
888.71	3350.48
888.88	3428.30
889.06	3241.93
889.23	3311.57
889.40	3280.85
889.58	3211.22
889.75	3174.35
889.93	3237.84
890.10	3121.10
890.28	3096.53
890.45	2844.63
890.63	3043.28
890.80	3061.71
890.98	3020.75
891.15	2967.51
891.32	2953.17
891.50	2834.39
891.67	2828.24
891.85	2811.86
892.02	2785.24
892.20	2707.41
892.37	2748.37
892.54	2680.79
892.72	2744.28
892.89	2592.73
893.07	2633.69
893.24	2641.88
893.42	2772.95
893.59	2559.96
893.76	2703.32
893.94	2574.30
894.11	2627.54
894.29	2494.43
894.46	2609.11
894.64	2482.14
894.81	2510.81
894.98	2432.99
895.16	2371.55
895.33	2549.72
895.51	2445.27
895.68	2342.88
895.85	2428.89
896.03	2285.53
896.20	2281.44
896.38	2258.91
896.55	2330.59
896.72	2404.32
896.90	2324.44
897.07	2283.49
897.25	2338.78
897.42	2265.05
897.59	2146.27
897.77	2367.45
897.94	2265.05
898.11	2303.96
898.29	2170.85
898.46	2117.60
898.64	2248.67
898.81	2207.71
898.98	2162.66
899.16	2138.08
899.33	2084.83
899.50	2109.41
899.68	2168.80
899.85	2191.33
900.02	2142.18
900.20	2179.04
900.37	2095.07
900.55	2068.45
900.72	2070.50
900.89	2093.02
901.07	2015.20
901.24	2074.59
901.41	2041.82
901.59	2009.06
901.76	1974.24
901.93	1986.53
902.11	1939.43
902.28	2027.49
902.45	2027.49
902.63	2064.35
902.80	1970.15
902.97	1961.95
903.15	2062.30
903.32	1998.82
903.49	1904.61
903.67	1951.71
903.84	1898.47
904.01	1898.47
904.19	1914.85
904.36	1984.48
904.53	1904.61
904.71	1859.56
904.88	1920.99
905.05	1929.19
905.22	1816.55
905.40	1820.64
905.57	1939.43
905.74	1826.79
905.92	1867.75
906.09	1941.47
906.26	1775.59
906.44	1853.41
906.61	1875.94
906.78	1796.07
906.95	1806.31
907.13	1794.02
907.30	1882.08
907.47	1847.27
907.65	1871.84
907.82	1820.64
907.99	1931.23
908.16	1865.70
908.34	1759.21
908.51	1773.54
908.68	1845.22
908.86	1798.12
909.03	1806.31
909.20	1740.77
909.37	1656.81
909.55	1794.02
909.72	1726.44
909.89	1775.59
910.06	1751.01
910.24	1720.29
910.41	1671.14
910.58	1695.72
910.75	1894.37
910.93	1802.21
911.10	1777.64
911.27	1763.30
911.44	1740.77
911.62	1748.97
911.79	1757.16
911.96	1814.50
912.13	1822.69
912.31	1716.20
912.48	1744.87
912.65	1695.72
912.82	1652.71
913.00	1658.85
913.17	1695.72
913.34	1703.91
913.51	1699.81
913.68	1578.98
913.86	1654.76
914.03	1796.07
914.20	1665.00
914.37	1679.33
914.55	1716.20
914.72	1730.53
914.89	1726.44
915.06	1669.09
915.23	1722.34
915.41	1748.97
915.58	1660.90
915.75	1667.05
915.92	1667.05
916.09	1716.20
916.27	1626.09
916.44	1689.57
916.61	1619.94
916.78	1699.81
916.95	1617.90
917.13	1724.39
917.30	1685.48
917.47	1613.80
917.64	1572.84
917.81	1708.01
917.99	1621.99
918.16	1603.56
918.33	1634.28
918.50	1734.63
918.67	1703.91
918.84	1613.80
919.02	1703.91
919.19	1597.42
919.36	1726.44
919.53	1540.07
919.70	1560.55
919.87	1626.09
920.05	1662.95
920.22	1695.72
920.39	1708.01
920.56	1638.38
920.73	1597.42
920.90	1687.53
921.08	1673.19
921.25	1675.24
921.42	1687.53
921.59	1611.75
921.76	1650.66
921.93	1660.90
922.10	1599.46
922.28	1701.86
922.45	1650.66
922.62	1615.85
922.79	1746.92
922.96	1593.32
923.13	1621.99
923.30	1650.66
923.47	1578.98
923.65	1732.58
923.82	1552.36
923.99	1630.18
924.16	1599.46
924.33	1617.90
924.50	1578.98
924.67	1642.47
924.84	1619.94
925.01	1611.75
925.19	1564.65
925.36	1556.46
925.53	1556.46
925.70	1544.17
925.87	1564.65
926.04	1593.32
926.21	1562.60
926.38	1556.46
926.55	1652.71
926.73	1632.23
926.90	1548.26
927.07	1589.22
927.24	1646.57
927.41	1593.32
927.58	1708.01
927.75	1667.05
927.92	1605.61
928.09	1595.37
928.26	1599.46
928.43	1638.38
928.60	1640.42
928.77	1513.45
928.95	1619.94
929.12	1648.61
929.29	1564.65
929.46	1552.36
929.63	1538.02
929.80	1597.42
929.97	1482.73
930.14	1599.46
930.31	1556.46
930.48	1650.66
930.65	1636.33
930.82	1527.78
930.99	1572.84
931.16	1615.85
931.33	1589.22
931.50	1650.66
931.67	1560.55
931.85	1568.74
932.02	1611.75
932.19	1609.70
932.36	1591.27
932.53	1660.90
932.70	1693.67
932.87	1667.05
933.04	1544.17
933.21	1601.51
933.38	1601.51
933.55	1568.74
933.72	1613.80
933.89	1611.75
934.06	1562.60
934.23	1548.26
934.40	1574.89
934.57	1540.07
934.74	1621.99
934.91	1583.08
935.08	1626.09
935.25	1581.03
935.42	1591.27
935.59	1628.14
935.76	1640.42
935.93	1599.46
936.10	1578.98
936.27	1703.91
936.44	1593.32
936.61	1581.03
936.78	1505.26
936.95	1570.79
937.12	1624.04
937.29	1513.45
937.46	1468.39
937.63	1501.16
937.80	1550.31
937.97	1621.99
938.14	1662.95
938.31	1564.65
938.48	1587.18
938.65	1611.75
938.82	1599.46
938.99	1519.59
939.16	1497.07
939.33	1548.26
939.50	1503.21
939.67	1578.98
939.84	1556.46
940.00	1509.35
940.17	1529.83
940.34	1652.71
940.51	1560.55
940.68	1585.13
940.85	1585.13
941.02	1613.80
941.19	1529.83
941.36	1538.02
941.53	1552.36
941.70	1425.39
941.87	1601.51
942.04	1642.47
942.21	1548.26
942.38	1589.22
942.55	1566.70
942.72	1550.31
942.89	1593.32
943.05	1519.59
943.22	1556.46
943.39	1593.32
943.56	1617.90
943.73	1626.09
943.90	1558.50
944.07	1548.26
944.24	1552.36
944.41	1619.94
944.58	1662.95
944.75	1527.78
944.92	1601.51
945.08	1591.27
945.25	1576.94
945.42	1527.78
945.59	1552.36
945.76	1538.02
945.93	1482.73
946.10	1589.22
946.27	1652.71
946.44	1646.57
946.60	1621.99
946.77	1552.36
946.94	1599.46
947.11	1708.01
947.28	1591.27
947.45	1644.52
947.62	1630.18
947.79	1564.65
947.96	1621.99
948.12	1529.83
948.29	1593.32
948.46	1535.98
948.63	1490.92
948.80	1589.22
948.97	1593.32
949.14	1609.70
949.30	1538.02
949.47	1597.42
949.64	1560.55
949.81	1523.69
949.98	1583.08
950.15	1542.12
950.32	1636.33
950.48	1558.50
950.65	1636.33
950.82	1587.18
950.99	1560.55
951.16	1521.64
951.33	1507.30
951.50	1531.88
951.66	1591.27
951.83	1562.60
952.00	1597.42
952.17	1533.93
952.34	1615.85
952.51	1632.23
952.67	1595.37
952.84	1521.64
953.01	1679.33
953.18	1495.02
953.35	1619.94
953.51	1552.36
953.68	1605.61
953.85	1558.50
954.02	1538.02
954.19	1597.42
954.36	1546.22
954.52	1550.31
954.69	1562.60
954.86	1634.28
955.03	1585.13
955.20	1605.61
955.36	1619.94
955.53	1515.50
955.70	1566.70
955.87	1589.22
956.04	1568.74
956.20	1679.33
956.37	1558.50
956.54	1503.21
956.71	1609.70
956.87	1497.07
957.04	1603.56
957.21	1634.28
957.38	1630.18
957.55	1621.99
957.71	1603.56
957.88	1533.93
958.05	1656.81
958.22	1560.55
958.38	1597.42
958.55	1513.45
958.72	1581.03
958.89	1533.93
959.06	1562.60
959.22	1718.25
959.39	1560.55
959.56	1531.88
959.73	1581.03
959.89	1548.26
960.06	1540.07
960.23	1593.32
960.40	1546.22
960.56	1576.94
960.73	1638.38
960.90	1523.69
961.06	1544.17
961.23	1533.93
961.40	1589.22
961.57	1515.50
961.73	1564.65
961.90	1525.74
962.07	1490.92
962.24	1619.94
962.40	1560.55
962.57	1568.74
962.74	1593.32
962.91	1619.94
963.07	1550.31
963.24	1624.04
963.41	1554.41
963.57	1570.79
963.74	1523.69
963.91	1531.88
964.07	1552.36
964.24	1554.41
964.41	1611.75
964.58	1556.46
964.74	1593.32
964.91	1556.46
965.08	1531.88
965.24	1562.60
965.41	1562.60
965.58	1595.37
965.74	1560.55
965.91	1593.32
966.08	1581.03
966.25	1587.18
966.41	1517.54
966.58	1619.94
966.75	1638.38
966.91	1581.03
967.08	1581.03
967.25	1597.42
967.41	1583.08
967.58	1564.65
967.75	1611.75
967.91	1660.90
968.08	1611.75
968.25	1556.46
968.41	1525.74
968.58	1589.22
968.75	1535.98
968.91	1548.26
969.08	1613.80
969.25	1634.28
969.41	1632.23
969.58	1562.60
969.74	1552.36
969.91	1529.83
970.08	1519.59
970.24	1548.26
970.41	1601.51
970.58	1562.60
970.74	1525.74
970.91	1552.36
971.08	1611.75
971.24	1570.79
971.41	1564.65
971.58	1535.98
971.74	1548.26
971.91	1611.75
972.07	1568.74
972.24	1468.39
972.41	1570.79
972.57	1638.38
972.74	1517.54
972.90	1454.06
973.07	1576.94
973.24	1576.94
973.40	1562.60
973.57	1570.79
973.73	1583.08
973.90	1581.03
974.07	1566.70
974.23	1568.74
974.40	1593.32
974.56	1556.46
974.73	1550.31
974.90	1552.36
975.06	1578.98
975.23	1638.38
975.39	1529.83
975.56	1609.70
975.73	1560.55
975.89	1599.46
976.06	1570.79
976.22	1517.54
976.39	1642.47
976.56	1527.78
976.72	1542.12
976.89	1503.21
977.05	1578.98
977.22	1519.59
977.38	1652.71
977.55	1628.14
977.71	1589.22
977.88	1564.65
978.05	1527.78
978.21	1546.22
978.38	1572.84
978.54	1560.55
978.71	1593.32
978.87	1464.30
979.04	1638.38
979.20	1529.83
979.37	1542.12
979.54	1552.36
979.70	1619.94
979.87	1587.18
980.03	1615.85
980.20	1540.07
980.36	1595.37
980.53	1548.26
980.69	1654.76
980.86	1548.26
981.02	1593.32
981.19	1552.36
981.35	1607.66
981.52	1529.83
981.68	1583.08
981.85	1542.12
982.01	1566.70
982.18	1675.24
982.34	1505.26
982.51	1603.56
982.68	1634.28
982.84	1585.13
983.01	1523.69
983.17	1572.84
983.34	1564.65
983.50	1523.69
983.67	1552.36
983.83	1630.18
984.00	1576.94
984.16	1519.59
984.32	1572.84
984.49	1603.56
984.65	1554.41
984.82	1505.26
984.98	1492.97
985.15	1546.22
985.31	1568.74
985.48	1634.28
985.64	1540.07
985.81	1517.54
985.97	1560.55
986.14	1531.88
986.30	1558.50
986.47	1535.98
986.63	1583.08
986.80	1517.54
986.96	1595.37
987.13	1669.09
987.29	1605.61
987.45	1542.12
987.62	1515.50
987.78	1568.74
987.95	1521.64
988.11	1589.22
988.28	1587.18
988.44	1665.00
988.61	1523.69
988.77	1578.98
988.94	1601.51
989.10	1535.98
989.26	1548.26
989.43	1560.55
989.59	1599.46
989.76	1583.08
989.92	1650.66
990.09	1638.38
990.25	1562.60
990.41	1613.80
990.58	1671.14
990.74	1644.52
990.91	1507.30
991.07	1564.65
991.23	1578.98
991.40	1546.22
991.56	1462.25
991.73	1558.50
991.89	1544.17
992.06	1544.17
992.22	1640.42
992.38	1515.50
992.55	1601.51
992.71	1636.33
992.88	1603.56
993.04	1542.12
993.20	1615.85
993.37	1560.55
993.53	1597.42
993.69	1552.36
993.86	1589.22
994.02	1503.21
994.19	1621.99
994.35	1533.93
994.51	1583.08
994.68	1511.40
994.84	1576.94
995.01	1578.98
995.17	1626.09
995.33	1572.84
995.50	1644.52
995.66	1578.98
995.82	1638.38
995.99	1605.61
996.15	1552.36
996.31	1470.44
996.48	1583.08
996.64	1589.22
996.81	1527.78
996.97	1525.74
997.13	1597.42
997.30	1499.11
997.46	1495.02
997.62	1568.74
997.79	1595.37
997.95	1617.90
998.11	1527.78
998.28	1640.42
998.44	1535.98
998.60	1540.07
998.77	1716.20
998.93	1562.60
999.09	1546.22
999.26	1621.99
999.42	1585.13
999.58	1576.94
999.75	1564.65
999.91	1572.84
1000.07	1542.12
1000.24	1619.94
1000.40	1583.08
1000.56	1609.70
1000.72	1562.60
1000.89	1574.89
1001.05	1617.90
1001.21	1568.74
1001.38	1685.48
1001.54	1540.07
1001.70	1581.03
1001.87	1621.99
1002.03	1585.13
1002.19	1482.73
1002.35	1578.98
1002.52	1617.90
1002.68	1550.31
1002.84	1560.55
1003.01	1533.93
1003.17	1562.60
1003.33	1562.60
1003.49	1597.42
1003.66	1513.45
1003.82	1507.30
1003.98	1562.60
1004.15	1556.46
1004.31	1638.38
1004.47	1474.54
1004.63	1662.95
1004.80	1509.35
1004.96	1564.65
1005.12	1603.56
1005.28	1587.18
1005.45	1607.66
1005.61	1679.33
1005.77	1603.56
1005.93	1675.24
1006.10	1540.07
1006.26	1472.49
1006.42	1527.78
1006.58	1556.46
1006.75	1519.59
1006.91	1513.45
1007.07	1533.93
1007.23	1613.80
1007.40	1519.59
1007.56	1486.83
1007.72	1662.95
1007.88	1595.37
1008.05	1591.27
1008.21	1617.90
1008.37	1484.78
1008.53	1572.84
1008.69	1529.83
1008.86	1552.36
1009.02	1556.46
1009.18	1634.28
1009.34	1519.59
1009.51	1529.83
1009.67	1552.36
1009.83	1556.46
1009.99	1488.87
1010.15	1626.09
1010.32	1468.39
1010.48	1636.33
1010.64	1578.98
1010.80	1529.83
1010.96	1470.44
1011.13	1535.98
1011.29	1523.69
1011.45	1630.18
1011.61	1587.18
1011.77	1634.28
1011.94	1542.12
1012.10	1542.12
1012.26	1585.13
1012.42	1589.22
1012.58	1593.32
1012.74	1482.73
1012.91	1531.88
1013.07	1529.83
1013.23	1591.27
1013.39	1458.15
1013.55	1529.83
1013.71	1531.88
1013.88	1560.55
1014.04	1593.32
1014.20	1568.74
1014.36	1615.85
1014.52	1591.27
1014.68	1595.37
1014.85	1562.60
1015.01	1521.64
1015.17	1519.59
1015.33	1552.36
1015.49	1576.94
1015.65	1593.32
1015.81	1599.46
1015.98	1570.79
1016.14	1519.59
1016.30	1597.42
1016.46	1482.73
1016.62	1626.09
1016.78	1544.17
1016.94	1626.09
1017.11	1621.99
1017.27	1665.00
1017.43	1548.26
1017.59	1554.41
1017.75	1552.36
1017.91	1587.18
1018.07	1601.51
1018.23	1568.74
1018.39	1560.55
1018.56	1574.89
1018.72	1531.88
1018.88	1572.84
1019.04	1548.26
1019.20	1615.85
1019.36	1583.08
1019.52	1546.22
1019.68	1611.75
1019.84	1562.60
1020.01	1564.65
1020.17	1595.37
1020.33	1595.37
1020.49	1470.44
1020.65	1478.63
1020.81	1583.08
1020.97	1529.83
1021.13	1562.60
1021.29	1603.56
1021.45	1585.13
1021.61	1585.13
1021.77	1529.83
1021.94	1581.03
1022.10	1564.65
1022.26	1550.31
1022.42	1615.85
1022.58	1519.59
1022.74	1552.36
1022.90	1556.46
1023.06	1601.51
1023.22	1564.65
1023.38	1611.75
1023.54	1564.65
1023.70	1624.04
1023.86	1581.03
1024.02	1597.42
1024.18	1513.45
1024.34	1601.51
1024.50	1531.88
1024.66	1585.13
1024.83	1576.94
1024.99	1648.61
1025.15	1548.26
1025.31	1597.42
1025.47	1607.66
1025.63	1601.51
1025.79	1503.21
1025.95	1499.11
1026.11	1587.18
1026.27	1507.30
1026.43	1558.50
1026.59	1548.26
1026.75	1791.97
1026.91	1562.60
1027.07	1449.96
1027.23	1554.41
1027.39	1611.75
1027.55	1613.80
1027.71	1636.33
1027.87	1632.23
1028.03	1570.79
1028.19	1585.13
1028.35	1591.27
1028.51	1652.71
1028.67	1574.89
1028.83	1656.81
1028.99	1593.32
1029.15	1507.30
1029.31	1495.02
1029.47	1607.66
1029.63	1570.79
1029.79	1607.66
1029.95	1599.46
1030.11	1613.80
1030.27	1578.98
1030.43	1669.09
1030.59	1566.70
1030.75	1564.65
1030.91	1515.50
1031.07	1589.22
1031.23	1591.27
1031.39	1583.08
1031.55	1595.37
1031.70	1638.38
1031.86	1525.74
1032.02	1568.74
1032.18	1568.74
1032.34	1611.75
1032.50	1585.13
1032.66	1570.79
1032.82	1466.35
1032.98	1613.80
1033.14	1511.40
1033.30	1576.94
1033.46	1544.17
1033.62	1554.41
1033.78	1562.60
1033.94	1603.56
1034.10	1603.56
1034.26	1613.80
1034.42	1488.87
1034.57	1466.35
1034.73	1556.46
1034.89	1523.69
