539.866 20.631
540.044 14.640
540.222 9.648
540.401 12.657
540.579 31.666
540.757 18.675
540.935 24.684
541.113 7.693
541.292 4.702
541.470 8.711
541.648 5.720
541.826 5.730
542.004 6.739
542.182 11.748
542.360 4.757
542.538 6.767
542.716 -5.224
542.894 13.786
543.071 15.795
543.249 1.805
543.427 17.814
543.605 21.824
543.783 15.833
543.960 18.843
544.138 11.853
544.316 1.862
544.493 18.872
544.671 15.882
544.849 9.892
545.026 3.902
545.204 19.912
545.381 17.921
545.559 14.931
545.736 5.941
545.914 19.951
546.091 -2.039
546.269 10.972
546.446 20.982
546.623 17.992
546.801 -0.998
546.978 8.012
547.155 23.022
547.332 6.033
547.510 20.043
547.687 24.053
547.864 18.064
548.041 3.074
548.218 11.084
548.395 12.095
548.572 3.105
548.750 18.116
548.927 11.126
549.104 24.137
549.280 16.147
549.457 12.158
549.634 18.169
549.811 17.179
549.988 26.190
550.165 10.201
550.342 6.211
550.518 28.222
550.695 23.233
550.872 39.243
551.049 28.254
551.225 15.265
551.402 4.276
551.579 -8.713
551.755 14.298
551.932 19.308
552.108 -2.681
552.285 1.330
552.461 13.341
552.638 9.352
552.814 20.363
552.991 18.374
553.167 4.385
553.343 32.396
553.520 10.407
553.696 -17.582
553.872 4.429
554.048 19.440
554.225 9.451
554.401 7.463
554.577 -3.526
554.753 17.485
554.929 4.496
555.105 33.507
555.282 24.518
555.458 -1.470
555.634 -5.459
555.810 17.552
555.986 5.563
556.162 12.574
556.337 13.586
556.513 6.597
556.689 19.608
556.865 14.619
557.041 7.631
557.217 4.642
557.392 -4.347
557.568 11.665
557.744 19.676
557.920 7.687
558.095 9.699
558.271 6.710
558.446 7.721
558.622 1.733
558.798 15.744
558.973 30.755
559.149 13.767
559.324 23.778
559.500 2.790
559.675 6.801
559.850 14.812
560.026 30.824
560.201 19.835
560.376 8.847
560.552 5.858
560.727 22.869
560.902 17.881
561.077 15.892
561.253 18.904
561.428 -1.085
561.603 7.926
561.778 14.938
561.953 14.949
562.128 9.961
562.303 4.972
562.478 19.984
562.653 9.995
562.828 0.006
563.003 11.018
563.178 20.029
563.353 21.041
563.528 14.052
563.702 10.064
563.877 17.075
564.052 5.086
564.227 5.098
564.402 6.109
564.576 13.121
564.751 27.132
564.926 16.144
565.100 6.155
565.275 15.166
565.449 5.178
565.624 4.189
565.798 18.201
565.973 12.212
566.147 10.223
566.322 25.235
566.496 5.246
566.671 9.258
566.845 19.269
567.019 5.280
567.193 8.292
567.368 22.303
567.542 6.314
567.716 7.326
567.890 4.337
568.065 8.348
568.239 28.360
568.413 22.371
568.587 19.382
568.761 0.394
568.935 -7.595
569.109 2.416
569.283 9.427
569.457 10.439
569.631 12.450
569.805 13.461
569.979 9.472
570.153 11.484
570.327 0.495
570.500 -3.494
570.674 1.517
570.848 19.529
571.022 18.540
571.195 11.551
571.369 18.562
571.543 5.573
571.716 -3.416
571.890 7.596
572.063 21.607
572.237 15.618
572.411 16.629
572.584 23.640
572.757 13.651
572.931 7.662
573.104 17.673
573.278 3.684
573.451 3.695
573.624 -4.294
573.798 11.717
573.971 20.728
574.144 20.739
574.318 -1.250
574.491 9.761
574.664 15.772
574.837 26.783
575.010 22.794
575.183 25.805
575.356 21.816
575.529 17.827
575.703 4.838
575.876 -0.152
576.048 -12.141
576.221 17.870
576.394 7.881
576.567 9.892
576.740 12.903
576.913 -1.087
577.086 6.924
577.259 1.935
577.431 19.946
577.604 12.956
577.777 4.967
577.950 25.978
578.122 28.988
578.295 13.999
578.467 7.010
578.640 18.020
578.813 6.031
578.985 31.042
579.158 23.052
579.330 15.063
579.503 25.073
579.675 15.084
579.847 17.094
580.020 22.105
580.192 17.115
580.364 15.126
580.537 10.136
580.709 17.147
580.881 13.157
581.054 16.167
581.226 22.178
581.398 13.188
581.570 7.199
581.742 17.209
581.914 13.219
582.086 3.230
582.258 11.240
582.430 21.250
582.602 17.260
582.774 2.271
582.946 12.281
583.118 12.291
583.290 16.301
583.462 17.311
583.634 -2.678
583.806 6.332
583.977 27.342
584.149 18.352
584.321 10.362
584.493 5.372
584.664 6.382
584.836 13.392
585.007 16.402
585.179 19.412
585.351 17.422
585.522 13.432
585.694 26.442
585.865 12.452
586.037 17.462
586.208 1.472
586.380 12.482
586.551 13.491
586.722 8.501
586.894 -0.489
587.065 5.521
587.236 -2.469
587.407 7.540
587.579 11.550
587.750 26.560
587.921 7.570
588.092 10.579
588.263 -2.411
588.434 21.599
588.606 11.608
588.777 19.618
588.948 34.627
589.119 14.637
589.290 22.646
589.461 0.656
589.631 15.666
589.802 17.675
589.973 20.684
590.144 30.694
590.315 21.703
590.486 18.713
590.656 -8.278
590.827 5.732
590.998 6.741
591.169 11.750
591.339 5.760
591.510 6.769
591.681 9.778
591.851 15.787
592.022 9.797
592.192 32.806
592.363 31.815
592.533 15.824
592.704 11.833
592.874 14.843
593.044 -4.148
593.215 22.861
593.385 8.870
593.556 22.879
593.726 38.888
593.896 29.897
594.066 11.906
594.237 9.915
594.407 5.924
594.577 15.933
594.747 10.942
594.917 -2.049
595.087 15.960
595.257 20.969
595.427 12.978
595.597 18.986
595.767 15.995
595.937 18.004
596.107 11.013
596.277 6.022
596.447 13.030
596.617 20.039
596.787 0.048
596.957 15.056
597.126 7.065
597.296 26.074
597.466 24.082
597.635 31.091
597.805 7.100
597.975 14.108
598.144 11.117
598.314 13.125
598.484 8.134
598.653 18.142
598.823 16.151
598.992 16.159
599.162 31.168
599.331 21.176
599.500 15.184
599.670 1.193
599.839 22.201
600.009 2.209
600.178 9.218
600.347 24.226
600.516 16.234
600.686 11.243
600.855 36.251
601.024 7.259
601.193 11.267
601.362 29.275
601.531 14.284
601.700 25.292
601.869 16.300
602.038 36.308
602.207 16.316
602.376 26.324
602.545 5.332
602.714 21.340
602.883 12.348
603.052 15.356
603.221 12.364
603.390 30.372
603.559 24.380
603.727 26.388
603.896 5.396
604.065 14.404
604.233 29.412
604.402 9.419
604.571 13.427
604.739 11.435
604.908 17.443
605.076 7.451
605.245 13.458
605.413 26.466
605.582 25.474
605.750 1.482
605.919 10.489
606.087 24.497
606.256 18.505
606.424 19.512
606.592 21.520
606.761 25.527
606.929 8.535
607.097 26.542
607.265 6.550
607.433 22.557
607.602 12.565
607.770 24.572
607.938 8.580
608.106 11.587
608.274 10.595
608.442 18.602
608.610 21.610
608.778 5.617
608.946 -3.376
609.114 9.632
609.282 23.639
609.450 14.646
609.618 8.653
609.785 12.661
609.953 17.668
610.121 28.675
610.289 7.682
610.456 -0.310
610.624 12.697
610.792 30.704
610.959 2.711
611.127 2.718
611.295 12.725
611.462 13.732
611.630 9.739
611.797 16.746
611.965 25.753
612.132 29.760
612.300 31.767
612.467 8.774
612.634 1.781
612.802 22.788
612.969 15.795
613.136 12.802
613.304 21.809
613.471 36.816
613.638 35.823
613.805 19.829
613.973 11.836
614.140 10.843
614.307 15.850
614.474 20.857
614.641 6.863
614.808 21.870
614.975 12.877
615.142 4.884
615.309 17.890
615.476 14.897
615.643 28.904
615.810 -0.090
615.977 28.917
616.143 39.923
616.310 21.930
616.477 29.936
616.644 16.943
616.811 21.950
616.977 17.956
617.144 12.963
617.311 38.969
617.477 21.975
617.644 10.982
617.810 11.988
617.977 22.995
618.143 17.001
618.310 5.008
618.476 28.014
618.643 17.020
618.809 29.027
618.976 28.033
619.142 24.039
619.308 23.045
619.475 15.052
619.641 35.058
619.807 21.064
619.974 12.070
620.140 12.077
620.306 9.083
620.472 26.089
620.638 15.095
620.804 13.101
620.970 25.107
621.136 27.114
621.303 20.120
621.469 20.126
621.634 31.132
621.800 19.138
621.966 20.144
622.132 8.150
622.298 8.156
622.464 31.162
622.630 37.168
622.796 20.174
622.961 21.180
623.127 21.186
623.293 21.192
623.459 11.197
623.624 22.203
623.790 12.209
623.955 4.215
624.121 17.221
624.287 21.227
624.452 13.232
624.618 32.238
624.783 20.244
624.949 17.250
625.114 4.255
625.279 16.261
625.445 24.267
625.610 14.273
625.775 6.278
625.941 26.284
626.106 14.290
626.271 12.295
626.437 32.301
626.602 33.306
626.767 7.312
626.932 24.318
627.097 17.323
627.262 24.329
627.427 32.334
627.592 15.340
627.757 16.345
627.922 13.351
628.087 13.356
628.252 35.362
628.417 10.367
628.582 37.373
628.747 22.378
628.912 5.383
629.077 21.389
629.241 19.394
629.406 21.400
629.571 20.405
629.736 26.410
629.900 22.416
630.065 10.421
630.230 23.426
630.394 17.432
630.559 5.437
630.723 17.442
630.888 19.447
631.052 24.453
631.217 27.458
631.381 17.463
631.546 12.468
631.710 19.473
631.874 28.478
632.039 14.484
632.203 22.489
632.367 22.494
632.532 15.499
632.696 13.504
632.860 24.509
633.024 16.514
633.188 0.519
633.352 9.524
633.517 16.529
633.681 11.534
633.845 15.539
634.009 33.544
634.173 18.549
634.337 20.554
634.501 24.559
634.665 15.564
634.828 15.569
634.992 21.574
635.156 18.579
635.320 13.584
635.484 30.589
635.648 45.594
635.811 25.598
635.975 24.603
636.139 35.608
636.302 20.613
636.466 11.618
636.630 37.622
636.793 14.627
636.957 9.632
637.120 23.637
637.284 -7.359
637.447 21.646
637.611 17.651
637.774 -3.344
637.938 16.660
638.101 18.665
638.264 19.670
638.428 17.674
638.591 26.679
638.754 17.684
638.917 35.688
639.081 28.693
639.244 24.697
639.407 10.702
639.570 1.707
639.733 26.711
639.896 2.716
640.059 1.720
640.222 21.725
640.385 22.729
640.548 16.734
640.711 13.738
640.874 17.743
641.037 8.747
641.200 22.752
641.363 15.756
641.526 2.760
641.689 22.765
641.851 16.769
642.014 17.774
642.177 9.778
642.340 32.782
642.502 20.787
642.665 16.791
642.828 9.795
642.990 13.800
643.153 16.804
643.315 19.808
643.478 26.813
643.640 21.817
643.803 13.821
643.965 14.826
644.128 5.830
644.290 10.834
644.452 -3.162
644.615 10.843
644.777 22.847
644.939 12.851
645.101 3.855
645.264 19.859
645.426 19.863
645.588 5.868
645.750 12.872
645.912 8.876
646.074 16.880
646.237 22.884
646.399 12.888
646.561 16.892
646.723 25.896
646.885 8.900
647.047 17.904
647.208 11.909
647.370 14.913
647.532 20.917
647.694 34.921
647.856 7.925
648.018 11.929
648.179 1.933
648.341 17.937
648.503 18.941
648.665 3.945
648.826 23.948
648.988 4.952
649.149 13.956
649.311 18.960
649.473 14.964
649.634 21.968
649.796 27.972
649.957 20.976
650.119 19.980
650.280 16.984
650.441 17.987
650.603 16.991
650.764 15.995
650.925 27.999
651.087 25.003
651.248 20.006
651.409 35.010
651.570 20.014
651.732 16.018
651.893 12.022
652.054 25.025
652.215 25.029
652.376 7.033
652.537 36.037
652.698 28.040
652.859 6.044
653.020 17.048
653.181 13.051
653.342 19.055
653.503 19.059
653.664 24.062
653.825 5.066
653.986 23.070
654.146 32.073
654.307 9.077
654.468 8.080
654.629 22.084
654.789 19.088
654.950 24.091
655.111 4.095
655.271 21.098
655.432 6.102
655.592 18.105
655.753 31.109
655.913 36.113
656.074 17.116
656.234 37.120
656.395 15.123
656.555 32.127
656.716 24.130
656.876 18.134
657.036 28.137
657.197 16.140
657.357 8.144
657.517 1.147
657.677 16.151
657.838 18.154
657.998 21.158
658.158 29.161
658.318 17.164
658.478 24.168
658.638 10.171
658.798 3.175
658.958 12.178
659.118 34.181
659.278 18.185
659.438 13.188
659.598 18.191
659.758 27.195
659.918 9.198
660.078 5.201
660.238 17.205
660.397 14.208
660.557 17.211
660.717 10.214
660.876 32.218
661.036 23.221
661.196 11.224
661.355 9.227
661.515 9.231
661.675 28.234
661.834 33.237
661.994 24.240
662.153 21.244
662.313 6.247
662.472 18.250
662.632 6.253
662.791 7.256
662.950 3.259
663.110 20.263
663.269 19.266
663.428 12.269
663.588 11.272
663.747 39.275
663.906 33.278
664.065 22.281
664.224 25.285
664.383 14.288
664.543 25.291
664.702 3.294
664.861 14.297
665.020 29.300
665.179 18.303
665.338 9.306
665.497 19.309
665.656 39.312
665.815 21.315
665.973 8.318
666.132 16.321
666.291 19.324
666.450 15.327
666.609 6.330
666.767 21.333
666.926 19.336
667.085 23.339
667.243 22.342
667.402 11.345
667.561 26.348
667.719 12.351
667.878 24.354
668.036 28.357
668.195 25.360
668.353 15.363
668.512 10.365
668.670 17.368
668.829 33.371
668.987 25.374
669.145 24.377
669.304 9.380
669.462 17.383
669.620 14.386
669.779 20.388
669.937 12.391
670.095 1.394
670.253 9.397
670.411 5.400
670.569 12.403
670.728 12.405
670.886 7.408
671.044 26.411
671.202 10.414
671.360 9.417
671.518 13.419
671.676 25.422
671.833 15.425
671.991 22.428
672.149 15.430
672.307 7.433
672.465 7.436
672.623 18.439
672.780 14.441
672.938 5.444
673.096 6.447
673.254 23.449
673.411 21.452
673.569 12.455
673.726 19.457
673.884 15.460
674.042 36.463
674.199 18.465
674.357 20.468
674.514 13.471
674.671 12.473
674.829 13.476
674.986 12.479
675.144 18.481
675.301 20.484
675.458 28.486
675.616 22.489
675.773 27.492
675.930 10.494
676.087 3.497
676.244 19.499
676.402 7.502
676.559 19.505
676.716 13.507
676.873 16.510
677.030 34.512
677.187 29.515
677.344 24.517
677.501 14.520
677.658 27.522
677.815 25.525
677.972 20.527
678.129 12.530
678.285 24.532
678.442 16.535
678.599 24.537
678.756 45.540
678.913 26.542
679.069 16.545
679.226 25.547
679.383 25.550
679.539 27.552
679.696 19.555
679.853 29.557
680.009 21.560
680.166 30.562
680.322 23.564
680.479 29.567
680.635 22.569
680.791 9.572
680.948 0.574
681.104 4.576
681.261 34.579
681.417 13.581
681.573 19.584
681.730 25.586
681.886 22.588
682.042 14.591
682.198 33.593
682.354 -1.405
682.510 18.598
682.667 22.600
682.823 22.603
682.979 16.605
683.135 9.607
683.291 22.609
683.447 16.612
683.603 7.614
683.759 7.616
683.915 23.619
684.071 14.621
684.226 13.623
684.382 4.626
684.538 24.628
684.694 13.630
684.850 4.632
685.005 20.635
685.161 7.637
685.317 21.639
685.472 19.641
685.628 16.644
685.783 4.646
685.939 23.648
686.095 39.650
686.250 27.653
686.406 30.655
686.561 26.657
686.717 26.659
686.872 2.661
687.027 22.664
687.183 13.666
687.338 24.668
687.493 16.670
687.649 21.672
687.804 2.675
687.959 13.677
688.114 42.679
688.269 15.681
688.425 14.683
688.580 17.685
688.735 10.687
688.890 6.690
689.045 15.692
689.200 11.694
689.355 21.696
689.510 15.698
689.665 17.700
689.820 20.702
689.975 6.704
690.130 12.706
690.284 12.709
690.439 19.711
690.594 15.713
690.749 -0.285
690.904 6.717
691.058 27.719
691.213 21.721
691.368 4.723
691.522 32.725
691.677 21.727
691.831 18.729
691.986 16.731
692.141 15.733
692.295 21.735
692.450 22.737
692.604 32.739
692.758 12.741
692.913 27.743
693.067 10.745
693.222 18.747
693.376 12.749
693.530 23.751
693.684 27.753
693.839 10.755
693.993 21.757
694.147 8.759
694.301 3.761
694.455 15.763
694.610 27.765
694.764 24.767
694.918 12.769
695.072 21.771
695.226 30.773
695.380 26.775
695.534 14.777
695.688 18.779
695.841 18.781
695.995 13.783
696.149 14.785
696.303 36.787
696.457 31.789
696.611 17.790
696.764 12.792
696.918 28.794
697.072 37.796
697.225 18.798
697.379 12.800
697.533 28.802
697.686 14.804
697.840 15.806
697.993 22.807
698.147 9.809
698.300 20.811
698.454 -1.187
698.607 16.815
698.761 34.817
698.914 10.819
699.067 22.820
699.221 9.822
699.374 27.824
699.527 27.826
699.681 16.828
699.834 23.830
699.987 13.831
700.140 11.833
700.293 8.835
700.447 8.837
700.600 24.839
700.753 29.840
700.906 19.842
701.059 24.844
701.212 19.846
701.365 14.848
701.518 23.849
701.671 14.851
701.823 19.853
701.976 25.855
702.129 27.856
702.282 23.858
702.435 26.860
702.588 22.862
702.740 11.863
702.893 10.865
703.046 12.867
703.198 17.869
703.351 13.870
703.504 11.872
703.656 11.874
703.809 4.876
703.961 22.877
704.114 26.879
704.266 28.881
704.419 13.882
704.571 14.884
704.723 24.886
704.876 27.888
705.028 30.889
705.181 32.891
705.333 28.893
705.485 23.894
705.637 23.896
705.790 29.898
705.942 38.899
706.094 17.901
706.246 3.903
706.398 9.904
706.550 17.906
706.702 20.908
706.854 47.909
707.006 43.911
707.158 29.913
707.310 27.914
707.462 33.916
707.614 37.917
707.766 28.919
707.918 24.921
708.070 17.922
708.221 30.924
708.373 30.926
708.525 28.927
708.677 42.929
708.828 21.930
708.980 24.932
709.132 20.934
709.283 18.935
709.435 27.937
709.586 27.938
709.738 17.940
709.889 29.941
710.041 29.943
710.192 23.945
710.344 40.946
710.495 39.948
710.647 9.949
710.798 36.951
710.949 26.952
711.101 26.954
711.252 28.956
711.403 28.957
711.554 13.959
711.706 9.960
711.857 25.962
712.008 16.963
712.159 24.965
712.310 35.966
712.461 60.968
712.612 44.969
712.763 15.971
712.914 31.972
713.065 24.974
713.216 32.975
713.367 21.977
713.518 23.978
713.669 22.980
713.820 38.981
713.970 20.983
714.121 17.984
714.272 21.986
714.423 30.987
714.573 35.989
714.724 43.990
714.875 27.992
715.025 41.993
715.176 39.995
715.327 23.996
715.477 38.998
715.628 34.999
715.778 34.001
715.929 33.002
716.079 16.003
716.229 29.005
716.380 39.006
716.530 33.008
716.681 32.009
716.831 29.011
716.981 43.012
717.131 25.014
717.282 38.015
717.432 41.016
717.582 27.018
717.732 46.019
717.882 34.021
718.032 36.022
718.183 22.023
718.333 27.025
718.483 32.026
718.633 25.028
718.783 40.029
718.933 30.030
719.082 27.032
719.232 35.033
719.382 28.035
719.532 30.036
719.682 37.037
719.832 47.039
719.981 35.040
720.131 47.041
720.281 30.043
720.431 37.044
720.580 50.046
720.730 38.047
720.880 34.048
721.029 20.050
721.179 61.051
721.328 28.052
721.478 40.054
721.627 41.055
721.777 26.056
721.926 35.058
722.076 45.059
722.225 35.060
722.374 25.062
722.524 31.063
722.673 50.064
722.822 26.066
722.971 28.067
723.121 45.068
723.270 36.070
723.419 52.071
723.568 37.072
723.717 41.074
723.866 38.075
724.015 33.076
724.164 31.077
724.313 34.079
724.462 34.080
724.611 33.081
724.760 18.083
724.909 28.084
725.058 41.085
725.207 28.086
725.356 36.088
725.505 49.089
725.653 49.090
725.802 54.092
725.951 32.093
726.100 41.094
726.248 40.095
726.397 35.097
726.546 18.098
726.694 39.099
726.843 42.100
726.991 37.102
727.140 48.103
727.288 44.104
727.437 42.105
727.585 33.107
727.734 31.108
727.882 31.109
728.030 22.110
728.179 40.112
728.327 32.113
728.475 35.114
728.624 26.115
728.772 44.116
728.920 48.118
729.068 43.119
729.216 52.120
729.364 46.121
729.513 46.122
729.661 58.124
729.809 46.125
729.957 53.126
730.105 39.127
730.253 29.129
730.401 38.130
730.549 56.131
730.696 37.132
730.844 37.133
730.992 39.134
731.140 51.136
731.288 28.137
731.436 43.138
731.583 46.139
731.731 43.140
731.879 22.142
732.026 34.143
732.174 39.144
732.322 24.145
732.469 46.146
732.617 46.147
732.764 57.148
732.912 53.150
733.059 26.151
733.207 43.152
733.354 44.153
733.502 25.154
733.649 46.155
733.796 31.157
733.944 39.158
734.091 34.159
734.238 44.160
734.385 46.161
734.533 38.162
734.680 35.163
734.827 49.164
734.974 48.166
735.121 47.167
735.268 30.168
735.415 42.169
735.562 56.170
735.709 54.171
735.856 34.172
736.003 59.173
736.150 56.174
736.297 52.176
736.444 42.177
736.591 45.178
736.738 49.179
736.885 41.180
737.031 24.181
737.178 35.182
737.325 43.183
737.472 37.184
737.618 27.185
737.765 46.186
737.911 47.188
738.058 36.189
738.205 45.190
738.351 45.191
738.498 42.192
738.644 45.193
738.791 34.194
738.937 43.195
739.083 53.196
739.230 43.197
739.376 34.198
739.523 43.199
739.669 51.200
739.815 43.201
739.961 33.202
740.108 57.204
740.254 56.205
740.400 48.206
740.546 43.207
740.692 31.208
740.838 46.209
740.984 56.210
741.131 52.211
741.277 43.212
741.423 38.213
741.568 44.214
741.714 41.215
741.860 41.216
742.006 46.217
742.152 29.218
742.298 35.219
742.444 39.220
742.590 41.221
742.735 46.222
742.881 52.223
743.027 40.224
743.172 40.225
743.318 44.226
743.464 66.227
743.609 45.228
743.755 49.229
743.900 42.230
744.046 62.231
744.192 54.232
744.337 46.233
744.482 52.234
744.628 44.235
744.773 56.236
744.919 64.237
745.064 43.238
745.209 52.239
745.355 42.240
745.500 48.241
745.645 47.242
745.790 57.243
745.936 54.244
746.081 49.245
746.226 51.246
746.371 48.247
746.516 37.248
746.661 54.249
746.806 57.250
746.951 64.251
747.096 64.252
747.241 58.253
747.386 58.254
747.531 50.255
747.676 54.256
747.821 36.256
747.965 41.257
748.110 40.258
748.255 53.259
748.400 52.260
748.544 44.261
748.689 33.262
748.834 52.263
748.978 56.264
749.123 58.265
749.268 51.266
749.412 60.267
749.557 59.268
749.701 39.269
749.846 56.270
749.990 52.271
750.135 44.271
750.279 54.272
750.423 55.273
750.568 60.274
750.712 65.275
750.856 43.276
751.001 27.277
751.145 38.278
751.289 44.279
751.433 53.280
751.578 52.281
751.722 62.281
751.866 55.282
752.010 37.283
752.154 45.284
752.298 54.285
752.442 48.286
752.586 62.287
752.730 58.288
752.874 67.289
753.018 49.290
753.162 47.290
753.306 58.291
753.449 60.292
753.593 59.293
753.737 64.294
753.881 55.295
754.025 63.296
754.168 53.297
754.312 55.297
754.456 42.298
754.599 48.299
754.743 61.300
754.886 64.301
755.030 51.302
755.173 45.303
755.317 41.304
755.460 45.304
755.604 51.305
755.747 52.306
755.891 61.307
756.034 50.308
756.177 41.309
756.321 63.310
756.464 70.310
756.607 46.311
756.751 56.312
756.894 45.313
757.037 49.314
757.180 47.315
757.323 51.316
757.466 50.316
757.609 45.317
757.752 59.318
757.896 53.319
758.039 59.320
758.181 35.321
758.324 47.321
758.467 44.322
758.610 55.323
758.753 58.324
758.896 51.325
759.039 61.326
759.182 54.326
759.324 49.327
759.467 42.328
759.610 39.329
759.753 51.330
759.895 47.330
760.038 44.331
760.180 55.332
760.323 73.333
760.466 73.334
760.608 64.335
760.751 46.335
760.893 63.336
761.036 57.337
761.178 54.338
761.320 56.339
761.463 67.339
761.605 48.340
761.747 56.341
761.890 66.342
762.032 53.343
762.174 61.343
762.317 68.344
762.459 46.345
762.601 53.346
762.743 50.346
762.885 54.347
763.027 59.348
763.169 59.349
763.311 61.350
763.453 69.350
763.595 56.351
763.737 45.352
763.879 57.353
764.021 46.354
764.163 64.354
764.305 57.355
764.447 64.356
764.589 52.357
764.730 38.357
764.872 68.358
765.014 79.359
765.156 64.360
765.297 56.360
765.439 55.361
765.580 80.362
765.722 71.363
765.864 59.363
766.005 62.364
766.147 64.365
766.288 75.366
766.430 54.366
766.571 65.367
766.713 55.368
766.854 70.369
766.995 74.369
767.137 58.370
767.278 53.371
767.419 64.372
767.560 66.372
767.702 73.373
767.843 62.374
767.984 51.375
768.125 46.375
768.266 69.376
768.408 60.377
768.549 62.378
768.690 84.378
768.831 52.379
768.972 74.380
769.113 64.381
769.254 79.381
769.395 53.382
769.535 72.383
769.676 74.383
769.817 70.384
769.958 68.385
770.099 51.386
770.240 74.386
770.380 57.387
770.521 61.388
770.662 62.388
770.802 64.389
770.943 82.390
771.084 67.391
771.224 82.391
771.365 53.392
771.505 50.393
771.646 61.393
771.786 70.394
771.927 73.395
772.067 62.396
772.207 71.396
772.348 60.397
772.488 60.398
772.629 67.398
772.769 67.399
772.909 82.400
773.049 74.400
773.190 71.401
773.330 69.402
773.470 76.403
773.610 60.403
773.750 68.404
773.890 55.405
774.030 76.405
774.170 74.406
774.310 70.407
774.450 67.407
774.590 72.408
774.730 80.409
774.870 81.409
775.010 76.410
775.150 66.411
775.290 69.411
775.430 70.412
775.569 72.413
775.709 61.413
775.849 66.414
775.989 67.415
776.128 70.415
776.268 63.416
776.407 62.417
776.547 51.417
776.687 57.418
776.826 57.419
776.966 72.419
777.105 70.420
777.245 71.421
777.384 58.421
777.523 87.422
777.663 73.423
777.802 71.423
777.942 86.424
778.081 73.425
778.220 79.425
778.359 80.426
778.499 81.427
778.638 76.427
778.777 70.428
778.916 71.429
779.055 71.429
779.194 70.430
779.333 78.431
779.473 88.431
779.612 78.432
779.751 72.433
779.890 91.433
780.028 91.434
780.167 80.434
780.306 73.435
780.445 90.436
780.584 86.436
780.723 93.437
780.862 91.438
781.000 79.438
781.139 83.439
781.278 82.439
781.416 92.440
781.555 69.441
781.694 67.441
781.832 75.442
781.971 67.443
782.110 83.443
782.248 78.444
782.387 73.445
782.525 71.445
782.663 83.446
782.802 82.446
782.940 78.447
783.079 70.448
783.217 78.448
783.355 84.449
783.494 81.449
783.632 87.450
783.770 80.451
783.908 84.451
784.047 72.452
784.185 85.452
784.323 90.453
784.461 84.454
784.599 74.454
784.737 69.455
784.875 85.456
785.013 80.456
785.151 71.457
785.289 76.457
785.427 79.458
785.565 75.459
785.703 56.459
785.841 75.460
785.978 77.460
786.116 84.461
786.254 81.462
786.392 55.462
786.530 82.463
786.667 76.463
786.805 78.464
786.943 67.464
787.080 81.465
787.218 81.466
787.355 86.466
787.493 97.467
787.630 81.467
787.768 65.468
787.905 80.469
788.043 72.469
788.180 74.470
788.318 78.470
788.455 81.471
788.592 92.471
788.730 89.472
788.867 83.473
789.004 68.473
789.141 65.474
789.279 86.474
789.416 82.475
789.553 74.475
789.690 69.476
789.827 69.477
789.964 76.477
790.101 82.478
790.238 78.478
790.375 83.479
790.512 98.479
790.649 76.480
790.786 77.481
790.923 77.481
791.060 71.482
791.197 65.482
791.333 83.483
791.470 76.483
791.607 83.484
791.744 67.485
791.880 56.485
792.017 77.486
792.154 87.486
792.290 74.487
792.427 79.487
792.564 82.488
792.700 73.488
792.837 94.489
792.973 76.489
793.110 89.490
793.246 82.491
793.382 80.491
793.519 75.492
793.655 89.492
793.792 92.493
793.928 97.493
794.064 81.494
794.200 72.494
794.337 70.495
794.473 81.495
794.609 81.496
794.745 86.497
794.881 96.497
795.017 84.498
795.154 93.498
795.290 83.499
795.426 102.499
795.562 82.500
795.698 70.500
795.834 94.501
795.970 104.501
796.105 96.502
796.241 83.502
796.377 79.503
796.513 75.503
796.649 80.504
796.785 92.505
796.920 83.505
797.056 92.506
797.192 100.506
797.327 85.507
797.463 93.507
797.599 89.508
797.734 91.508
797.870 93.509
798.005 78.509
798.141 77.510
798.276 79.510
798.412 88.511
798.547 81.511
798.683 89.512
798.818 87.512
798.953 87.513
799.089 97.513
799.224 92.514
799.359 91.514
799.494 102.515
799.630 97.515
799.765 102.516
799.900 89.516
800.035 81.517
800.170 99.517
800.305 88.518
800.440 106.518
800.576 106.519
800.711 87.519
800.846 99.520
800.981 90.520
801.115 87.521
801.250 90.521
801.385 98.522
801.520 99.522
801.655 96.523
801.790 114.523
801.925 120.524
802.059 104.524
802.194 113.525
802.329 106.525
802.463 100.526
802.598 100.526
802.733 110.527
802.867 113.527
803.002 112.528
803.136 101.528
803.271 117.529
803.405 117.529
803.540 121.530
803.674 115.530
803.809 102.531
803.943 100.531
804.077 106.532
804.212 113.532
804.346 118.533
804.480 107.533
804.615 113.534
804.749 100.534
804.883 111.535
805.017 103.535
805.151 125.536
805.286 118.536
805.420 118.537
805.554 119.537
805.688 102.538
805.822 116.538
805.956 118.538
806.090 120.539
806.224 123.539
806.358 137.540
806.492 128.540
806.625 132.541
806.759 127.541
806.893 133.542
807.027 134.542
807.161 130.543
807.294 133.543
807.428 155.544
807.562 126.544
807.696 129.545
807.829 131.545
807.963 159.545
808.096 150.546
808.230 138.546
808.363 150.547
808.497 160.547
808.630 146.548
808.764 155.548
808.897 150.549
809.031 146.549
809.164 149.550
809.297 153.550
809.431 144.551
809.564 168.551
809.697 158.551
809.831 152.552
809.964 151.552
810.097 164.553
810.230 153.553
810.363 164.554
810.496 169.554
810.630 170.555
810.763 180.555
810.896 173.555
811.029 173.556
811.162 183.556
811.295 172.557
811.428 172.557
811.560 192.558
811.693 185.558
811.826 201.559
811.959 197.559
812.092 191.559
812.225 210.560
812.357 208.560
812.490 215.561
812.623 206.561
812.755 225.562
812.888 233.562
813.021 213.563
813.153 240.563
813.286 237.563
813.418 230.564
813.551 214.564
813.683 229.565
813.816 221.565
813.948 236.566
814.081 237.566
814.213 245.566
814.346 258.567
814.478 253.567
814.610 248.568
814.742 262.568
814.875 262.569
815.007 260.569
815.139 292.569
815.271 280.570
815.403 282.570
815.536 283.571
815.668 292.571
815.800 295.572
815.932 293.572
816.064 303.572
816.196 296.573
816.328 313.573
816.460 312.574
816.592 325.574
816.724 326.575
816.855 339.575
816.987 320.575
817.119 349.576
817.251 334.576
817.383 352.577
817.514 337.577
817.646 353.578
817.778 361.578
817.909 373.578
818.041 372.579
818.173 382.579
818.304 397.580
818.436 381.580
818.567 408.580
818.699 405.581
818.830 413.581
818.962 416.582
819.093 417.582
819.225 429.582
819.356 447.583
819.487 453.583
819.619 467.584
819.750 455.584
819.881 468.584
820.012 486.585
820.144 480.585
820.275 485.586
820.406 496.586
820.537 509.587
820.668 515.587
820.799 507.587
820.930 531.588
821.061 536.588
821.192 559.589
821.323 547.589
821.454 549.589
821.585 571.590
821.716 592.590
821.847 595.591
821.978 590.591
822.109 634.591
822.240 637.592
822.370 629.592
822.501 645.592
822.632 638.593
822.763 670.593
822.893 689.594
823.024 676.594
823.154 696.594
823.285 704.595
823.416 711.595
823.546 723.596
823.677 761.596
823.807 754.596
823.938 737.597
824.068 760.597
824.199 776.598
824.329 797.598
824.459 802.598
824.590 808.599
824.720 823.599
824.850 837.599
824.980 843.600
825.111 851.600
825.241 862.601
825.371 855.601
825.501 876.601
825.631 890.602
825.761 931.602
825.891 930.603
826.022 939.603
826.152 939.603
826.282 986.604
826.412 981.604
826.541 990.604
826.671 1005.605
826.801 1025.605
826.931 1032.606
827.061 1033.606
827.191 1060.606
827.321 1076.607
827.450 1086.607
827.580 1108.607
827.710 1122.608
827.839 1125.608
827.969 1150.609
828.099 1155.609
828.228 1168.609
828.358 1206.610
828.487 1215.610
828.617 1229.610
828.746 1225.611
828.876 1264.611
829.005 1287.612
829.135 1286.612
829.264 1299.612
829.394 1305.613
829.523 1339.613
829.652 1338.613
829.782 1393.614
829.911 1384.614
830.040 1413.614
830.169 1452.615
830.298 1460.615
830.428 1468.616
830.557 1489.616
830.686 1518.616
830.815 1524.617
830.944 1540.617
831.073 1562.617
831.202 1583.618
831.331 1606.618
831.460 1617.618
831.589 1644.619
831.718 1665.619
831.847 1693.619
831.976 1673.620
832.104 1729.620
832.233 1749.621
832.362 1772.621
832.491 1801.621
832.619 1825.622
832.748 1795.622
832.877 1838.622
833.005 1843.623
833.134 1891.623
833.263 1909.623
833.391 1932.624
833.520 1976.624
833.648 1996.624
833.777 1984.625
833.905 1985.625
834.034 2015.625
834.162 2034.626
834.290 2033.626
834.419 2066.627
834.547 2086.627
834.675 2094.627
834.804 2105.628
834.932 2135.628
835.060 2168.628
835.188 2181.629
835.317 2219.629
835.445 2202.629
835.573 2223.630
835.701 2261.630
835.829 2290.630
835.957 2309.631
836.085 2334.631
836.213 2368.631
836.341 2394.632
836.469 2396.632
836.597 2401.632
836.725 2424.633
836.853 2428.633
836.980 2460.633
837.108 2498.634
837.236 2497.634
837.364 2502.634
837.491 2560.635
837.619 2584.635
837.747 2588.635
837.875 2618.636
838.002 2649.636
838.130 2668.636
838.257 2668.637
838.385 2712.637
838.512 2689.637
838.640 2733.638
838.767 2739.638
838.895 2754.638
839.022 2783.639
839.150 2808.639
839.277 2796.639
839.404 2826.640
839.532 2865.640
839.659 2848.640
839.786 2883.641
839.913 2893.641
840.041 2904.641
840.168 2951.642
840.295 2938.642
840.422 2964.642
840.549 2984.643
840.676 2990.643
840.803 2983.643
840.930 3018.644
841.057 3052.644
841.184 3070.644
841.311 3058.645
841.438 3071.645
841.565 3119.645
841.692 3089.646
841.819 3127.646
841.946 3162.646
842.072 3137.646
842.199 3172.647
842.326 3185.647
842.453 3185.647
842.579 3222.648
842.706 3215.648
842.833 3220.648
842.959 3234.649
843.086 3246.649
843.212 3263.649
843.339 3292.650
843.465 3272.650
843.592 3291.650
843.718 3305.651
843.845 3317.651
843.971 3297.651
844.098 3310.652
844.224 3318.652
844.350 3312.652
844.477 3333.652
844.603 3387.653
844.729 3373.653
844.855 3335.653
844.982 3362.654
845.108 3361.654
845.234 3393.654
845.360 3368.655
845.486 3379.655
845.612 3409.655
845.738 3418.656
845.864 3418.656
845.990 3399.656
846.116 3428.657
846.242 3420.657
846.368 3430.657
846.494 3430.657
846.620 3441.658
846.746 3435.658
846.871 3433.658
846.997 3424.659
847.123 3451.659
847.249 3440.659
847.374 3431.660
847.500 3444.660
847.626 3444.660
847.751 3465.660
847.877 3435.661
848.002 3441.661
848.128 3472.661
848.253 3434.662
848.379 3437.662
848.504 3457.662
848.630 3437.663
848.755 3418.663
848.881 3400.663
849.006 3421.663
849.131 3411.664
849.257 3396.664
849.382 3418.664
849.507 3452.665
849.632 3414.665
849.758 3419.665
849.883 3393.666
850.008 3407.666
850.133 3398.666
850.258 3404.666
850.383 3387.667
850.508 3370.667
850.633 3350.667
850.758 3344.668
850.883 3336.668
851.008 3315.668
851.133 3321.668
851.258 3319.669
851.383 3318.669
851.508 3304.669
851.633 3255.670
851.757 3274.670
851.882 3254.670
852.007 3256.670
852.132 3237.671
852.256 3214.671
852.381 3217.671
852.506 3173.672
852.630 3164.672
852.755 3146.672
852.879 3113.672
853.004 3107.673
853.128 3084.673
853.253 3108.673
853.377 3090.674
853.502 3052.674
853.626 3061.674
853.751 3010.674
853.875 2988.675
853.999 2997.675
854.124 2990.675
854.248 2951.676
854.372 2943.676
854.496 2924.676
854.620 2897.676
854.745 2859.677
854.869 2834.677
854.993 2842.677
855.117 2825.678
855.241 2804.678
855.365 2764.678
855.489 2744.678
855.613 2702.679
855.737 2710.679
855.861 2702.679
855.985 2679.680
856.109 2633.680
856.233 2624.680
856.356 2634.680
856.480 2595.681
856.604 2559.681
856.728 2555.681
856.851 2542.681
856.975 2539.682
857.099 2520.682
857.222 2473.682
857.346 2477.683
857.470 2447.683
857.593 2418.683
857.717 2408.683
857.840 2395.684
857.964 2354.684
858.087 2342.684
858.211 2310.684
858.334 2330.685
858.458 2302.685
858.581 2325.685
858.704 2245.686
858.828 2216.686
858.951 2215.686
859.074 2212.686
859.197 2169.687
859.320 2117.687
859.444 2100.687
859.567 2123.687
859.690 2084.688
859.813 2030.688
859.936 2034.688
860.059 2019.688
860.182 2010.689
860.305 2003.689
860.428 1933.689
860.551 1942.689
860.674 1924.690
860.797 1885.690
860.920 1886.690
861.043 1857.691
861.165 1823.691
861.288 1818.691
861.411 1778.691
861.534 1763.692
861.656 1759.692
861.779 1722.692
861.902 1689.692
862.024 1679.693
862.147 1641.693
862.270 1657.693
862.392 1644.693
862.515 1638.694
862.637 1604.694
862.760 1574.694
862.882 1551.694
863.005 1525.695
863.127 1528.695
863.249 1521.695
863.372 1481.695
863.494 1456.696
863.616 1457.696
863.738 1455.696
863.861 1401.697
863.983 1373.697
864.105 1366.697
864.227 1344.697
864.349 1335.698
864.472 1332.698
864.594 1297.698
864.716 1292.698
864.838 1271.699
864.960 1272.699
865.082 1262.699
865.204 1236.699
865.326 1216.700
865.447 1217.700
865.569 1193.700
865.691 1192.700
865.813 1163.701
865.935 1168.701
866.057 1138.701
866.178 1145.701
866.300 1135.702
866.422 1101.702
866.543 1098.702
866.665 1085.702
866.787 1075.703
866.908 1045.703
867.030 1043.703
867.151 1025.703
867.273 989.704
867.394 996.704
867.516 1003.704
867.637 980.704
867.759 975.705
867.880 963.705
868.001 954.705
868.123 915.705
868.244 922.705
868.365 920.706
868.487 911.706
868.608 900.706
868.729 884.706
868.850 849.707
868.971 856.707
869.092 848.707
869.214 840.707
869.335 837.708
869.456 809.708
869.577 798.708
869.698 790.708
869.819 785.709
869.940 771.709
870.061 757.709
870.181 764.709
870.302 767.710
870.423 733.710
870.544 717.710
870.665 732.710
870.785 711.711
870.906 696.711
871.027 679.711
871.148 694.711
871.268 676.711
871.389 671.712
871.509 657.712
871.630 648.712
871.751 654.712
871.871 628.713
871.992 623.713
872.112 603.713
872.233 601.713
872.353 607.714
872.473 600.714
872.594 587.714
872.714 570.714
872.834 594.715
872.955 574.715
873.075 568.715
873.195 559.715
873.315 550.715
873.436 548.716
873.556 541.716
873.676 527.716
873.796 496.716
873.916 517.717
874.036 496.717
874.156 486.717
874.276 502.717
874.396 474.718
874.516 465.718
874.636 462.718
874.756 470.718
874.876 472.718
874.996 443.719
875.115 443.719
875.235 442.719
875.355 425.719
875.475 411.720
875.594 402.720
875.714 394.720
875.834 409.720
875.953 408.721
876.073 403.721
876.193 407.721
876.312 390.721
876.432 387.721
876.551 373.722
876.671 377.722
876.790 367.722
876.910 359.722
877.029 375.723
877.148 381.723
877.268 359.723
877.387 349.723
877.506 350.723
877.626 344.724
877.745 341.724
877.864 348.724
877.983 321.724
878.102 312.725
878.222 327.725
878.341 311.725
878.460 309.725
878.579 282.725
878.698 307.726
878.817 302.726
878.936 305.726
879.055 288.726
879.174 292.727
879.293 285.727
879.412 255.727
879.530 284.727
879.649 259.727
879.768 271.728
879.887 252.728
880.006 267.728
880.124 272.728
880.243 271.728
880.362 246.729
880.480 253.729
880.599 262.729
880.718 249.729
880.836 238.730
880.955 219.730
881.073 221.730
881.192 225.730
881.310 235.730
881.429 225.731
881.547 231.731
881.665 232.731
881.784 224.731
881.902 221.731
882.021 192.732
882.139 235.732
882.257 216.732
882.375 195.732
882.494 198.733
882.612 185.733
882.730 196.733
882.848 187.733
882.966 214.733
883.084 193.734
883.202 182.734
883.320 187.734
883.438 186.734
883.556 162.734
883.674 170.735
883.792 170.735
883.910 179.735
884.028 170.735
884.146 170.735
884.264 180.736
884.381 187.736
884.499 169.736
884.617 156.736
884.735 166.737
884.852 155.737
884.970 168.737
885.087 143.737
885.205 166.737
885.323 157.738
885.440 157.738
885.558 154.738
885.675 162.738
885.793 150.738
885.910 137.739
886.028 136.739
886.145 126.739
886.262 142.739
886.380 132.739
886.497 127.740
886.614 126.740
886.732 140.740
886.849 115.740
886.966 122.740
887.083 130.741
887.200 134.741
887.318 120.741
887.435 124.741
887.552 120.741
887.669 124.742
887.786 121.742
887.903 110.742
888.020 123.742
888.137 109.742
888.254 106.743
888.371 121.743
888.488 106.743
888.604 97.743
888.721 100.743
888.838 105.744
888.955 102.744
889.072 103.744
889.188 92.744
889.305 101.744
889.422 106.745
889.538 96.745
889.655 97.745
889.772 114.745
889.888 92.745
890.005 77.746
890.121 82.746
890.238 74.746
890.354 82.746
890.471 102.746
890.587 67.747
890.703 75.747
890.820 67.747
890.936 70.747
891.052 75.747
891.169 70.748
891.285 91.748
891.401 92.748
891.517 82.748
891.634 70.748
891.750 84.749
891.866 78.749
891.982 70.749
892.098 82.749
892.214 91.749
892.330 86.749
892.446 87.750
892.562 67.750
892.678 77.750
892.794 80.750
892.910 73.750
893.026 61.751
893.142 61.751
893.257 71.751
893.373 80.751
893.489 62.751
893.605 87.752
893.720 80.752
893.836 70.752
893.952 70.752
894.067 69.752
894.183 68.753
894.298 38.753
894.414 62.753
894.530 65.753
894.645 42.753
894.761 53.753
894.876 52.754
894.991 61.754
895.107 73.754
895.222 60.754
895.338 67.754
895.453 75.755
895.568 70.755
895.683 50.755
895.799 52.755
895.914 47.755
896.029 56.755
896.144 43.756
896.259 63.756
896.374 63.756
896.490 50.756
896.605 50.756
896.720 50.757
896.835 44.757
896.950 43.757
897.065 48.757
897.180 45.757
897.294 50.758
897.409 70.758
897.524 39.758
897.639 45.758
897.754 47.758
897.869 38.758
897.983 46.759
898.098 55.759
898.213 47.759
898.327 61.759
898.442 49.759
898.557 48.760
898.671 56.760
898.786 61.760
898.900 49.760
899.015 37.760
899.129 49.760
899.244 33.761
899.358 29.761
899.473 34.761
899.587 35.761
899.701 47.761
899.816 52.761
899.930 61.762
900.044 46.762
900.159 30.762
900.273 40.762
900.387 36.762
900.501 52.763
900.615 53.763
900.729 56.763
900.844 42.763
900.958 41.763
901.072 44.763
901.186 36.764
901.300 30.764
901.414 48.764
901.528 39.764
901.641 34.764
901.755 40.765
901.869 46.765
901.983 53.765
902.097 44.765
902.211 42.765
902.324 41.765
902.438 48.766
902.552 35.766
902.666 37.766
902.779 38.766
902.893 40.766
903.006 38.766
903.120 43.767
903.234 57.767
903.347 24.767
903.461 36.767
903.574 44.767
903.688 33.767
903.801 41.768
903.914 51.768
904.028 52.768
904.141 26.768
904.254 42.768
904.368 51.768
904.481 40.769
904.594 34.769
904.707 33.769
904.821 34.769
904.934 44.769
905.047 18.770
905.160 40.770
905.273 32.770
905.386 41.770
905.499 30.770
905.612 17.770
905.725 33.771
905.838 25.771
905.951 20.771
906.064 42.771
906.177 36.771
906.290 27.771
906.402 38.772
906.515 39.772
906.628 23.772
906.741 36.772
906.853 27.772
906.966 23.772
907.079 33.773
907.191 38.773
907.304 37.773
907.417 39.773
907.529 37.773
907.642 39.773
907.754 37.774
907.867 20.774
907.979 20.774
908.092 19.774
908.204 21.774
908.316 27.774
908.429 47.775
908.541 33.775
908.653 8.775
908.766 31.775
908.878 46.775
908.990 39.775
909.102 35.775
909.215 18.776
909.327 2.776
909.439 49.776
909.551 32.776
909.663 37.776
909.775 31.776
909.887 31.777
909.999 34.777
910.111 31.777
910.223 31.777
910.335 21.777
910.447 17.777
910.559 21.778
910.670 28.778
910.782 28.778
910.894 19.778
911.006 23.778
911.117 28.778
911.229 19.779
911.341 21.779
911.452 32.779
911.564 38.779
911.676 22.779
911.787 21.779
911.899 11.780
912.010 16.780
912.122 22.780
912.233 14.780
912.345 22.780
912.456 12.780
912.568 44.780
912.679 31.781
912.790 30.781
912.902 37.781
913.013 19.781
913.124 29.781
913.235 22.781
913.347 25.782
913.458 20.782
913.569 14.782
913.680 22.782
913.791 38.782
913.902 39.782
914.013 33.783
914.124 37.783
914.235 23.783
914.346 32.783
914.457 25.783
914.568 12.783
914.679 22.783
914.790 33.784
914.901 31.784
915.012 45.784
915.122 17.784
915.233 11.784
915.344 24.784
915.455 19.785
915.565 18.785
915.676 36.785
915.787 36.785
915.897 44.785
916.008 38.785
916.118 39.785
916.229 39.786
916.339 35.786
916.450 27.786
916.560 21.786
916.671 17.786
916.781 34.786
916.892 40.786
917.002 31.787
917.112 30.787
917.223 22.787
917.333 26.787
917.443 24.787
917.553 23.787
917.663 27.788
917.774 33.788
917.884 34.788
917.994 29.788
918.104 29.788
918.214 20.788
918.324 21.788
918.434 32.789
918.544 35.789
918.654 6.789
918.764 23.789
918.874 24.789
918.984 22.789
919.094 17.789
919.203 26.790
919.313 22.790
919.423 33.790
919.533 35.790
919.643 28.790
919.752 20.790
919.862 27.791
919.972 29.791
920.081 21.791
920.191 6.791
920.300 17.791
920.410 18.791
920.519 30.791
920.629 28.792
920.738 33.792
920.848 22.792
920.957 24.792
921.067 32.792
921.176 14.792
921.285 34.792
921.395 14.793
921.504 24.793
921.613 17.793
921.722 22.793
921.832 29.793
921.941 25.793
922.050 35.793
922.159 19.794
922.268 23.794
922.377 31.794
922.486 30.794
922.595 30.794
922.704 28.794
922.813 33.794
922.922 3.795
923.031 8.795
923.140 27.795
923.249 23.795
923.358 21.795
923.467 32.795
923.575 27.795
923.684 17.796
923.793 32.796
923.902 17.796
924.010 20.796
924.119 16.796
924.227 27.796
924.336 24.796
924.445 22.797
924.553 27.797
924.662 16.797
924.770 22.797
924.879 26.797
924.987 19.797
925.096 19.797
925.204 21.798
925.312 39.798
925.421 15.798
925.529 15.798
925.637 33.798
925.746 32.798
925.854 13.798
925.962 0.799
926.070 14.799
926.178 19.799
926.287 27.799
926.395 24.799
926.503 20.799
926.611 26.799
926.719 35.799
926.827 34.800
926.935 33.800
927.043 45.800
927.151 19.800
927.259 28.800
927.367 17.800
927.474 20.800
927.582 27.801
927.690 16.801
927.798 27.801
927.906 30.801
928.013 17.801
928.121 21.801
928.229 23.801
928.336 16.802
928.444 20.802
928.551 24.802
928.659 15.802
928.767 19.802
928.874 24.802
928.982 31.802
929.089 13.802
929.196 29.803
929.304 25.803
929.411 33.803
929.519 34.803
929.626 39.803
929.733 25.803
929.841 29.803
929.948 9.804
930.055 12.804
930.162 10.804
930.269 7.804
930.377 23.804
930.484 33.804
930.591 33.804
930.698 22.805
930.805 15.805
930.912 16.805
931.019 11.805
931.126 15.805
931.233 8.805
931.340 28.805
931.447 17.805
931.554 29.806
931.660 24.806
931.767 24.806
931.874 13.806
931.981 19.806
932.087 15.806
932.194 14.806
932.301 8.806
932.407 14.807
932.514 23.807
932.621 17.807
932.727 22.807
932.834 38.807
932.940 52.807
933.047 13.807
933.153 23.808
933.260 35.808
933.366 31.808
933.473 21.808
933.579 15.808
933.685 31.808
933.792 15.808
933.898 17.808
934.004 29.809
934.110 29.809
934.217 30.809
934.323 22.809
934.429 19.809
934.535 39.809
934.641 24.809
934.747 27.809
934.853 19.810
934.959 15.810
935.065 34.810
935.171 14.810
935.277 16.810
935.383 16.810
935.489 31.810
935.595 24.810
935.701 15.811
935.807 26.811
935.913 24.811
936.018 17.811
936.124 21.811
936.230 26.811
936.335 19.811
936.441 22.811
936.547 27.812
936.652 22.812
936.758 14.812
936.864 20.812
936.969 32.812
937.075 24.812
937.180 1.812
937.286 25.812
937.391 17.813
937.496 3.813
937.602 18.813
937.707 11.813
937.812 34.813
937.918 38.813
938.023 25.813
938.128 20.813
938.233 -6.186
938.339 22.814
938.444 29.814
938.549 27.814
938.654 24.814
938.759 30.814
938.864 25.814
938.969 22.814
939.074 29.815
939.179 22.815
939.284 13.815
939.389 22.815
939.494 19.815
939.599 37.815
939.704 24.815
939.809 32.815
939.914 13.816
940.018 6.816
940.123 6.816
940.228 22.816
940.333 32.816
940.437 13.816
940.542 14.816
940.646 47.816
940.751 38.817
940.856 41.817
940.960 18.817
941.065 15.817
941.169 5.817
941.274 25.817
941.378 20.817
941.483 14.817
941.587 6.818
941.691 27.818
941.796 19.818
941.900 8.818
942.004 23.818
942.109 38.818
942.213 16.818
942.317 18.818
942.421 27.818
942.525 24.819
942.629 31.819
942.734 18.819
942.838 18.819
942.942 8.819
943.046 6.819
943.150 0.819
943.254 11.819
943.358 8.820
943.462 21.820
943.565 19.820
943.669 19.820
943.773 23.820
943.877 23.820
943.981 10.820
944.085 30.820
944.188 26.820
944.292 18.821
944.396 22.821
944.499 18.821
944.603 22.821
944.707 12.821
944.810 13.821
944.914 22.821
945.017 18.821
945.121 21.822
945.224 22.822
945.328 12.822
945.431 20.822
945.535 23.822
945.638 26.822
945.741 24.822
945.845 32.822
945.948 29.822
946.051 14.823
946.154 11.823
946.258 28.823
946.361 33.823
946.464 18.823
946.567 38.823
946.670 27.823
946.773 14.823
946.876 31.823
946.979 32.824
947.082 31.824
947.185 33.824
947.288 27.824
947.391 18.824
947.494 17.824
947.597 10.824
947.700 27.824
947.803 36.824
947.906 37.825
948.008 13.825
948.111 16.825
948.214 36.825
948.317 29.825
948.419 16.825
948.522 23.825
948.625 25.825
948.727 29.826
948.830 21.826
948.932 28.826
949.035 31.826
949.137 27.826
949.240 17.826
949.342 39.826
949.445 16.826
949.547 43.826
949.649 11.827
949.752 10.827
949.854 16.827
949.956 21.827
950.059 26.827
950.161 18.827
950.263 25.827
950.365 19.827
950.467 25.827
950.569 32.828
950.672 31.828
950.774 28.828
950.876 23.828
950.978 11.828
951.080 21.828
951.182 27.828
951.284 32.828
951.386 40.828
951.487 18.828
951.589 40.829
951.691 43.829
951.793 35.829
951.895 27.829
951.997 31.829
952.098 12.829
952.200 24.829
952.302 19.829
952.403 30.829
952.505 30.830
952.607 26.830
952.708 21.830
952.810 33.830
952.911 18.830
953.013 27.830
953.114 15.830
953.216 38.830
953.317 19.830
953.418 27.831
953.520 15.831
953.621 24.831
953.723 34.831
953.824 35.831
953.925 28.831
954.026 47.831
954.128 30.831
954.229 38.831
954.330 25.832
954.431 16.832
954.532 33.832
954.633 23.832
954.734 24.832
954.835 14.832
954.936 31.832
955.037 16.832
955.138 22.832
955.239 26.832
955.340 33.833
955.441 37.833
955.542 28.833
955.643 20.833
955.744 18.833
955.844 28.833
955.945 8.833
956.046 30.833
956.146 25.833
956.247 30.834
956.348 22.834
956.448 23.834
956.549 17.834
956.650 21.834
956.750 14.834
956.851 9.834
956.951 20.834
957.052 24.834
957.152 12.834
957.252 19.835
957.353 9.835
957.453 6.835
957.553 10.835
957.654 26.835
957.754 25.835
957.854 24.835
957.955 18.835
958.055 24.835
958.155 34.835
958.255 12.836
958.355 23.836
958.455 6.836
958.555 7.836
958.655 33.836
958.755 39.836
958.855 19.836
958.955 36.836
959.055 27.836
959.155 6.837
959.255 17.837
959.355 23.837
959.455 28.837
959.555 19.837
959.654 15.837
959.754 11.837
959.854 28.837
959.954 6.837
960.053 33.837
960.153 13.838
960.253 25.838
960.352 25.838
960.452 17.838
960.551 25.838
960.651 9.838
960.750 33.838
960.850 13.838
960.949 8.838
961.049 30.838
961.148 21.839
961.248 28.839
961.347 29.839
961.446 11.839
961.545 24.839
961.645 18.839
961.744 28.839
961.843 11.839
961.942 15.839
962.042 33.839
962.141 7.840
962.240 29.840
962.339 20.840
962.438 23.840
962.537 21.840
962.636 17.840
962.735 34.840
962.834 37.840
962.933 20.840
963.032 23.840
963.131 29.841
963.229 21.841
963.328 25.841
963.427 22.841
963.526 10.841
963.625 14.841
963.723 17.841
963.822 25.841
963.921 5.841
964.019 29.841
964.118 26.841
964.217 20.842
964.315 29.842
964.414 22.842
964.512 34.842
964.611 29.842
964.709 30.842
964.808 13.842
964.906 30.842
965.004 12.842
965.103 24.842
965.201 27.843
965.299 10.843
965.398 10.843
965.496 22.843
965.594 36.843
965.692 28.843
965.790 29.843
965.889 26.843
965.987 15.843
966.085 29.843
966.183 9.844
966.281 1.844
966.379 29.844
966.477 18.844
966.575 25.844
966.673 11.844
966.771 29.844
966.869 30.844
966.966 19.844
967.064 16.844
967.162 32.844
967.260 31.845
967.358 28.845
967.455 26.845
967.553 12.845
967.651 25.845
967.748 17.845
967.846 12.845
967.944 28.845
968.041 19.845
968.139 30.845
968.236 26.845
968.334 15.846
968.431 21.846
968.529 21.846
968.626 11.846
968.724 13.846
968.821 26.846
968.918 22.846
969.016 10.846
969.113 38.846
969.210 36.846
969.307 24.847
969.405 32.847
969.502 29.847
969.599 17.847
969.696 17.847
969.793 21.847
969.890 19.847
969.987 36.847
970.084 26.847
970.181 30.847
970.278 40.847
970.375 18.848
970.472 16.848
970.569 9.848
970.666 13.848
970.763 28.848
970.860 34.848
970.956 18.848
971.053 20.848
971.150 23.848
971.247 25.848
971.343 14.848
971.440 27.849
971.537 36.849
971.633 25.849
971.730 17.849
971.826 17.849
971.923 28.849
972.019 25.849
972.116 17.849
972.212 31.849
972.309 23.849
972.405 29.849
972.502 14.850
972.598 19.850
972.694 35.850
972.791 24.850
972.887 32.850
972.983 31.850
973.079 8.850
973.176 16.850
973.272 31.850
973.368 19.850
973.464 29.850
973.560 37.851
973.656 29.851
973.752 33.851
973.848 29.851
973.944 34.851
974.040 27.851
974.136 21.851
974.232 27.851
974.328 34.851
974.424 22.851
974.520 12.851
974.615 28.851
974.711 33.852
974.807 32.852
974.903 25.852
974.998 18.852
975.094 25.852
975.190 34.852
975.285 24.852
975.381 20.852
975.476 25.852
975.572 34.852
975.667 22.852
975.763 28.853
975.858 22.853
975.954 30.853
976.049 43.853
976.145 36.853
976.240 28.853
976.335 25.853
976.431 22.853
976.526 32.853
976.621 37.853
976.716 21.853
976.812 36.853
976.907 30.854
977.002 30.854
977.097 21.854
977.192 28.854
977.287 30.854
977.382 24.854
977.477 26.854
977.572 29.854
977.667 37.854
977.762 24.854
977.857 40.854
977.952 33.855
978.047 43.855
978.142 21.855
978.237 31.855
978.331 39.855
978.426 26.855
978.521 20.855
978.616 30.855
978.710 23.855
978.805 23.855
978.900 41.855
978.994 30.855
979.089 37.856
979.183 24.856
979.278 13.856
979.372 19.856
979.467 26.856
979.561 23.856
979.656 27.856
979.750 24.856
979.845 37.856
979.939 33.856
980.033 16.856
980.128 9.856
980.222 33.857
980.316 19.857
980.410 30.857
980.504 30.857
980.599 41.857
980.693 31.857
980.787 27.857
980.881 24.857
980.975 30.857
981.069 16.857
981.163 40.857
981.257 41.857
981.351 38.858
981.445 45.858
981.539 30.858
981.633 24.858
981.727 28.858
981.820 26.858
981.914 35.858
982.008 45.858
982.102 20.858
982.196 39.858
982.289 34.858
982.383 34.858
982.477 47.859
982.570 32.859
982.664 35.859
982.757 14.859
982.851 9.859
982.944 13.859
983.038 41.859
983.131 42.859
983.225 20.859
983.318 25.859
983.412 30.859
983.505 21.859
983.598 26.860
983.692 39.860
983.785 28.860
983.878 26.860
983.971 31.860
984.065 34.860
984.158 33.860
984.251 20.860
984.344 22.860
984.437 31.860
984.530 24.860
984.623 45.860
984.716 58.860
984.809 46.861
984.902 31.861
984.995 30.861
985.088 42.861
985.181 43.861
985.274 35.861
985.367 27.861
985.459 30.861
985.552 46.861
985.645 37.861
985.738 41.861
985.830 26.861
985.923 40.862
986.016 43.862
986.108 29.862
986.201 21.862
986.294 27.862
986.386 36.862
986.479 34.862
986.571 38.862
986.664 30.862
986.756 45.862
986.849 48.862
986.941 30.862
987.033 48.862
987.126 41.863
987.218 37.863
987.310 31.863
987.403 36.863
987.495 51.863
987.587 41.863
987.679 48.863
987.771 42.863
987.864 55.863
987.956 42.863
988.048 33.863
988.140 31.863
988.232 22.864
988.324 51.864
988.416 50.864
988.508 42.864
988.600 58.864
988.692 58.864
988.783 29.864
988.875 29.864
988.967 47.864
989.059 49.864
989.151 40.864
989.242 39.864
989.334 46.864
989.426 50.865
989.518 48.865
989.609 37.865
989.701 45.865
989.792 30.865
989.884 47.865
989.975 51.865
990.067 53.865
990.158 39.865
990.250 54.865
990.341 48.865
990.433 55.865
990.524 60.865
990.616 59.866
990.707 43.866
990.798 54.866
990.889 51.866
990.981 18.866
991.072 41.866
991.163 65.866
991.254 47.866
991.345 47.866
991.437 46.866
991.528 36.866
991.619 44.866
991.710 46.866
991.801 40.866
991.892 41.867
991.983 50.867
992.074 54.867
992.165 41.867
992.255 56.867
992.346 36.867
992.437 25.867
992.528 64.867
992.619 66.867
992.710 62.867
992.800 58.867
992.891 52.867
992.982 49.867
993.072 64.868
993.163 56.868
993.254 39.868
993.344 56.868
993.435 62.868
993.525 58.868
993.616 57.868
993.706 52.868
993.797 51.868
993.887 53.868
993.977 56.868
994.068 39.868
994.158 33.868
994.248 60.868
994.339 62.869
994.429 64.869
994.519 51.869
994.609 45.869
994.700 63.869
994.790 74.869
994.880 71.869
994.970 59.869
995.060 56.869
995.150 57.869
995.240 61.869
995.330 71.869
995.420 65.869
995.510 77.870
995.600 59.870
995.690 67.870
995.780 66.870
995.870 54.870
995.960 64.870
996.049 51.870
996.139 50.870
996.229 60.870
996.319 54.870
996.408 60.870
996.498 48.870
996.588 54.870
996.677 52.870
996.767 58.871
996.856 54.871
996.946 58.871
997.035 64.871
997.125 57.871
997.214 73.871
997.304 72.871
997.393 58.871
997.483 69.871
997.572 71.871
997.661 74.871
997.750 79.871
997.840 76.871
997.929 66.871
998.018 62.872
998.107 83.872
998.197 69.872
998.286 63.872
998.375 69.872
998.464 69.872
998.553 69.872
998.642 70.872
998.731 68.872
998.820 52.872
998.909 73.872
998.998 64.872
999.087 57.872
999.176 74.872
999.265 81.873
999.353 68.873
999.442 90.873
999.531 86.873
999.620 88.873
999.709 77.873
999.797 81.873
999.886 71.873
999.975 80.873
1000.063 71.873
1000.152 77.873
1000.240 75.873
1000.329 75.873
1000.417 85.873
1000.506 70.873
1000.594 91.874
1000.683 85.874
1000.771 78.874
1000.860 67.874
1000.948 79.874
1001.036 86.874
1001.125 77.874
1001.213 80.874
1001.301 91.874
1001.389 65.874
1001.478 92.874
1001.566 95.874
1001.654 69.874
1001.742 79.874
1001.830 75.875
1001.918 75.875
1002.006 86.875
1002.094 72.875
1002.182 92.875
1002.270 79.875
1002.358 78.875
1002.446 89.875
1002.534 83.875
1002.622 80.875
1002.710 80.875
1002.798 77.875
1002.885 76.875
1002.973 79.875
1003.061 85.875
1003.149 82.876
1003.236 79.876
1003.324 72.876
1003.412 78.876
1003.499 85.876
1003.587 82.876
1003.674 82.876
1003.762 86.876
1003.849 88.876
1003.937 79.876
1004.024 79.876
1004.112 85.876
1004.199 82.876
1004.287 91.876
1004.374 92.876
1004.461 80.877
1004.549 70.877
1004.636 90.877
1004.723 104.877
1004.810 91.877
1004.898 94.877
1004.985 91.877
1005.072 82.877
1005.159 91.877
1005.246 71.877
1005.333 75.877
1005.420 86.877
1005.507 83.877
1005.594 86.877
1005.681 92.877
1005.768 96.878
1005.855 88.878
1005.942 81.878
1006.029 78.878
1006.115 92.878
1006.202 98.878
1006.289 95.878
1006.376 79.878
1006.463 99.878
1006.549 86.878
1006.636 92.878
1006.723 90.878
1006.809 97.878
1006.896 96.878
1006.982 89.878
1007.069 107.879
1007.155 96.879
1007.242 93.879
1007.328 98.879
1007.415 88.879
1007.501 102.879
1007.588 90.879
1007.674 101.879
1007.760 89.879
1007.847 91.879
1007.933 89.879
1008.019 88.879
1008.105 75.879
1008.192 89.879
1008.278 102.879
1008.364 99.880
1008.450 81.880
1008.536 91.880
1008.622 79.880
1008.708 97.880
1008.794 87.880
1008.880 94.880
1008.966 88.880
1009.052 93.880
1009.138 99.880
1009.224 108.880
1009.310 87.880
1009.396 73.880
1009.482 79.880
1009.567 99.880
1009.653 98.880
1009.739 113.881
1009.825 97.881
1009.910 108.881
1009.996 97.881
1010.082 102.881
1010.167 98.881
1010.253 88.881
1010.338 82.881
1010.424 96.881
1010.509 96.881
1010.595 85.881
1010.680 102.881
1010.766 94.881
1010.851 86.881
1010.936 102.881
1011.022 112.882
1011.107 96.882
1011.192 100.882
1011.278 101.882
1011.363 100.882
1011.448 101.882
1011.533 103.882
1011.618 108.882
1011.704 103.882
1011.789 103.882
1011.874 89.882
1011.959 99.882
1012.044 92.882
1012.129 89.882
1012.214 105.882
1012.299 92.882
1012.384 93.883
1012.469 95.883
1012.554 90.883
1012.638 91.883
1012.723 102.883
1012.808 109.883
1012.893 102.883
1012.978 88.883
1013.062 94.883
1013.147 99.883
1013.232 97.883
1013.316 88.883
1013.401 85.883
1013.485 115.883
1013.570 114.883
1013.655 107.883
1013.739 99.883
1013.824 92.884
1013.908 101.884
1013.992 95.884
1014.077 95.884
1014.161 95.884
1014.246 111.884
1014.330 105.884
1014.414 99.884
1014.499 99.884
1014.583 103.884
1014.667 112.884
1014.751 95.884
1014.835 99.884
1014.920 83.884
1015.004 91.884
1015.088 92.884
1015.172 96.885
1015.256 98.885
1015.340 89.885
1015.424 80.885
1015.508 103.885
1015.592 115.885
1015.676 94.885
1015.760 104.885
1015.843 102.885
1015.927 97.885
1016.011 98.885
1016.095 91.885
1016.179 97.885
1016.262 104.885
1016.346 124.885
1016.430 104.885
1016.513 95.885
1016.597 93.886
1016.681 94.886
1016.764 94.886
1016.848 97.886
1016.931 88.886
1017.015 97.886
1017.098 96.886
1017.182 90.886
1017.265 109.886
1017.349 89.886
1017.432 74.886
1017.515 64.886
1017.599 8.886
