345.82	1413.10
346.03	1413.10
346.25	1413.10
346.46	1400.81
346.68	1404.91
346.89	1486.83
347.11	1546.22
347.32	1490.92
347.54	1552.36
347.75	1517.54
347.97	1519.59
348.18	1503.21
348.39	1488.87
348.61	1466.35
348.82	1470.44
349.04	1533.93
349.25	1566.70
349.47	1529.83
349.68	1566.70
349.90	1480.68
350.11	1523.69
350.33	1572.84
350.54	1527.78
350.75	1544.17
350.97	1597.42
351.18	1562.60
351.40	1497.07
351.61	1578.98
351.83	1587.18
352.04	1511.40
352.26	1544.17
352.47	1572.84
352.68	1499.11
352.90	1546.22
353.11	1544.17
353.33	1650.66
353.54	1585.13
353.76	1607.66
353.97	1535.98
354.18	1478.63
354.40	1478.63
354.61	1560.55
354.83	1564.65
355.04	1587.18
355.26	1533.93
355.47	1628.14
355.68	1638.38
355.90	1609.70
356.11	1495.02
356.33	1515.50
356.54	1554.41
356.75	1556.46
356.97	1519.59
357.18	1564.65
357.40	1544.17
357.61	1542.12
357.83	1572.84
358.04	1531.88
358.25	1509.35
358.47	1548.26
358.68	1521.64
358.90	1548.26
359.11	1626.09
359.32	1585.13
359.54	1677.29
359.75	1517.54
359.97	1511.40
360.18	1470.44
360.39	1558.50
360.61	1572.84
360.82	1603.56
361.03	1511.40
361.25	1519.59
361.46	1591.27
361.68	1552.36
361.89	1572.84
362.10	1576.94
362.32	1519.59
362.53	1531.88
362.75	1521.64
362.96	1501.16
363.17	1632.23
363.39	1585.13
363.60	1589.22
363.81	1505.26
364.03	1556.46
364.24	1599.46
364.46	1525.74
364.67	1501.16
364.88	1538.02
365.10	1540.07
365.31	1562.60
365.52	1576.94
365.74	1515.50
365.95	1460.20
366.16	1589.22
366.38	1654.76
366.59	1540.07
366.81	1560.55
367.02	1636.33
367.23	1601.51
367.45	1490.92
367.66	1556.46
367.87	1515.50
368.09	1681.38
368.30	1583.08
368.51	1544.17
368.73	1593.32
368.94	1611.75
369.15	1595.37
369.37	1589.22
369.58	1490.92
369.79	1611.75
370.01	1562.60
370.22	1597.42
370.43	1531.88
370.65	1570.79
370.86	1601.51
371.07	1562.60
371.29	1568.74
371.50	1529.83
371.71	1482.73
371.93	1566.70
372.14	1648.61
372.35	1597.42
372.57	1560.55
372.78	1495.02
372.99	1576.94
373.21	1478.63
373.42	1499.11
373.63	1591.27
373.85	1621.99
374.06	1576.94
374.27	1562.60
374.49	1507.30
374.70	1552.36
374.91	1544.17
375.13	1560.55
375.34	1585.13
375.55	1519.59
375.76	1615.85
375.98	1558.50
376.19	1581.03
376.40	1529.83
376.62	1443.82
376.83	1531.88
377.04	1540.07
377.26	1529.83
377.47	1515.50
377.68	1550.31
377.89	1492.97
378.11	1560.55
378.32	1535.98
378.53	1458.15
378.75	1644.52
378.96	1615.85
379.17	1542.12
379.38	1544.17
379.60	1490.92
379.81	1599.46
380.02	1572.84
380.24	1501.16
380.45	1470.44
380.66	1566.70
380.87	1587.18
381.09	1574.89
381.30	1597.42
381.51	1529.83
381.72	1554.41
381.94	1671.14
382.15	1609.70
382.36	1609.70
382.58	1492.97
382.79	1568.74
383.00	1507.30
383.21	1570.79
383.43	1570.79
383.64	1507.30
383.85	1552.36
384.06	1544.17
384.28	1591.27
384.49	1503.21
384.70	1560.55
384.91	1519.59
385.13	1652.71
385.34	1624.04
385.55	1572.84
385.76	1554.41
385.98	1531.88
386.19	1572.84
386.40	1578.98
386.61	1574.89
386.83	1607.66
387.04	1574.89
387.25	1531.88
387.46	1585.13
387.68	1538.02
387.89	1587.18
388.10	1566.70
388.31	1509.35
388.53	1546.22
388.74	1535.98
388.95	1474.54
389.16	1578.98
389.37	1535.98
389.59	1628.14
389.80	1560.55
390.01	1638.38
390.22	1658.85
390.44	1632.23
390.65	1529.83
390.86	1593.32
391.07	1568.74
391.28	1476.59
391.50	1495.02
391.71	1576.94
391.92	1538.02
392.13	1548.26
392.34	1560.55
392.56	1548.26
392.77	1505.26
392.98	1617.90
393.19	1525.74
393.40	1521.64
393.62	1568.74
393.83	1562.60
394.04	1474.54
394.25	1556.46
394.46	1578.98
394.68	1505.26
394.89	1511.40
395.10	1527.78
395.31	1505.26
395.52	1515.50
395.74	1464.30
395.95	1605.61
396.16	1525.74
396.37	1595.37
396.58	1490.92
396.80	1464.30
397.01	1574.89
397.22	1531.88
397.43	1546.22
397.64	1595.37
397.85	1535.98
398.07	1531.88
398.28	1486.83
398.49	1578.98
398.70	1576.94
398.91	1521.64
399.13	1445.87
399.34	1572.84
399.55	1568.74
399.76	1591.27
399.97	1552.36
400.18	1533.93
400.40	1650.66
400.61	1495.02
400.82	1548.26
401.03	1556.46
401.24	1642.47
401.45	1458.15
401.66	1519.59
401.88	1529.83
402.09	1495.02
402.30	1527.78
402.51	1527.78
402.72	1472.49
402.93	1507.30
403.15	1572.84
403.36	1538.02
403.57	1621.99
403.78	1552.36
403.99	1572.84
404.20	1566.70
404.41	1550.31
404.62	1593.32
404.84	1552.36
405.05	1533.93
405.26	1540.07
405.47	1462.25
405.68	1574.89
405.89	1556.46
406.10	1542.12
406.32	1615.85
406.53	1515.50
406.74	1570.79
406.95	1527.78
407.16	1525.74
407.37	1529.83
407.58	1527.78
407.79	1564.65
408.01	1529.83
408.22	1542.12
408.43	1507.30
408.64	1503.21
408.85	1601.51
409.06	1646.57
409.27	1533.93
409.48	1568.74
409.69	1456.11
409.91	1562.60
410.12	1466.35
410.33	1570.79
410.54	1591.27
410.75	1546.22
410.96	1554.41
411.17	1490.92
411.38	1632.23
411.59	1593.32
411.80	1626.09
412.02	1636.33
412.23	1554.41
412.44	1617.90
412.65	1523.69
412.86	1535.98
413.07	1527.78
413.28	1591.27
413.49	1519.59
413.70	1558.50
413.91	1519.59
414.12	1552.36
414.33	1511.40
414.55	1552.36
414.76	1464.30
414.97	1486.83
415.18	1517.54
415.39	1572.84
415.60	1640.42
415.81	1529.83
416.02	1533.93
416.23	1593.32
416.44	1589.22
416.65	1630.18
416.86	1548.26
417.07	1538.02
417.28	1521.64
417.49	1595.37
417.71	1599.46
417.92	1607.66
418.13	1875.94
418.34	1544.17
418.55	1535.98
418.76	1589.22
418.97	1626.09
419.18	1630.18
419.39	1568.74
419.60	1599.46
419.81	1564.65
420.02	1599.46
420.23	1568.74
420.44	1527.78
420.65	1630.18
420.86	1497.07
421.07	1535.98
421.28	1621.99
421.49	1540.07
421.70	1585.13
421.91	1499.11
422.13	1413.10
422.34	1472.49
422.55	1574.89
422.76	1576.94
422.97	1552.36
423.18	1564.65
423.39	1564.65
423.60	1527.78
423.81	1601.51
424.02	1564.65
424.23	1597.42
424.44	1542.12
424.65	1544.17
424.86	1521.64
425.07	1619.94
425.28	1560.55
425.49	1507.30
425.70	1505.26
425.91	1662.95
426.12	1540.07
426.33	1613.80
426.54	1472.49
426.75	1476.59
426.96	1515.50
427.17	1548.26
427.38	1511.40
427.59	1597.42
427.80	1540.07
428.01	1552.36
428.22	1548.26
428.43	1591.27
428.64	1538.02
428.85	1507.30
429.06	1513.45
429.27	1546.22
429.48	1550.31
429.69	1619.94
429.90	1581.03
430.11	1636.33
430.32	1540.07
430.53	1660.90
430.74	1562.60
430.95	1548.26
431.16	1564.65
431.37	1554.41
431.58	1675.24
431.79	1568.74
432.00	1578.98
432.21	1472.49
432.42	1548.26
432.63	1601.51
432.84	1517.54
433.04	1556.46
433.25	1568.74
433.46	1527.78
433.67	1507.30
433.88	1525.74
434.09	1593.32
434.30	1501.16
434.51	1527.78
434.72	1556.46
434.93	1554.41
435.14	1615.85
435.35	1527.78
435.56	1568.74
435.77	1624.04
435.98	1527.78
436.19	1583.08
436.40	1583.08
436.61	1548.26
436.82	1585.13
437.03	1523.69
437.24	1521.64
437.44	1544.17
437.65	1511.40
437.86	1562.60
438.07	1628.14
438.28	1554.41
438.49	1499.11
438.70	1562.60
438.91	1619.94
439.12	1511.40
439.33	1507.30
439.54	1628.14
439.75	1513.45
439.96	1523.69
440.17	1550.31
440.38	1452.01
440.58	1511.40
440.79	1511.40
441.00	1548.26
441.21	1605.61
441.42	1601.51
441.63	1576.94
441.84	1615.85
442.05	1499.11
442.26	1574.89
442.47	1581.03
442.68	1519.59
442.88	1517.54
443.09	1576.94
443.30	1431.53
443.51	1511.40
443.72	1542.12
443.93	1607.66
444.14	1597.42
444.35	1585.13
444.56	1626.09
444.77	1476.59
444.97	1488.87
445.18	1617.90
445.39	1585.13
445.60	1599.46
445.81	1542.12
446.02	1607.66
446.23	1507.30
446.44	1605.61
446.65	1495.02
446.85	1511.40
447.06	1486.83
447.27	1587.18
447.48	1535.98
447.69	1634.28
447.90	1564.65
448.11	1634.28
448.32	1603.56
448.52	1507.30
448.73	1497.07
448.94	1562.60
449.15	1552.36
449.36	1515.50
449.57	1818.60
449.78	1601.51
449.99	1546.22
450.19	1572.84
450.40	1597.42
450.61	1505.26
450.82	1486.83
451.03	1482.73
451.24	1456.11
451.45	1603.56
451.65	1595.37
451.86	1583.08
452.07	1535.98
452.28	1556.46
452.49	1583.08
452.70	1654.76
452.91	1572.84
453.11	1552.36
453.32	1593.32
453.53	1613.80
453.74	1605.61
453.95	1652.71
454.16	1589.22
454.36	1521.64
454.57	1492.97
454.78	1521.64
454.99	1533.93
455.20	1558.50
455.41	1538.02
455.61	1515.50
455.82	1509.35
456.03	1535.98
456.24	1585.13
456.45	1560.55
456.65	1693.67
456.86	1552.36
457.07	1546.22
457.28	1503.21
457.49	1603.56
457.70	1492.97
457.90	1531.88
458.11	1572.84
458.32	1529.83
458.53	1566.70
458.74	1558.50
458.94	1621.99
459.15	1544.17
459.36	1499.11
459.57	1581.03
459.78	1470.44
459.98	1529.83
460.19	1552.36
460.40	1468.39
460.61	1576.94
460.82	1589.22
461.02	1548.26
461.23	1595.37
461.44	1511.40
461.65	1607.66
461.86	1550.31
462.06	1609.70
462.27	1554.41
462.48	1615.85
462.69	1495.02
462.90	1507.30
463.10	1529.83
463.31	1572.84
463.52	1474.54
463.73	1593.32
463.93	1550.31
464.14	1548.26
464.35	1517.54
464.56	1492.97
464.77	1507.30
464.97	1568.74
465.18	1472.49
465.39	1542.12
465.60	1525.74
465.80	1535.98
466.01	1529.83
466.22	1572.84
466.43	1462.25
466.63	1562.60
466.84	1648.61
467.05	1540.07
467.26	1462.25
467.46	1538.02
467.67	1601.51
467.88	1509.35
468.09	1476.59
468.29	1538.02
468.50	1529.83
468.71	1570.79
468.92	1535.98
469.12	1568.74
469.33	1560.55
469.54	1513.45
469.75	1589.22
469.95	1566.70
470.16	1548.26
470.37	1613.80
470.58	1562.60
470.78	1581.03
470.99	1474.54
471.20	1566.70
471.41	1529.83
471.61	1540.07
471.82	1501.16
472.03	1552.36
472.23	1587.18
472.44	1552.36
472.65	1572.84
472.86	1478.63
473.06	1503.21
473.27	1449.96
473.48	1609.70
473.68	1499.11
473.89	1566.70
474.10	1640.42
474.31	1540.07
474.51	1507.30
474.72	1574.89
474.93	1583.08
475.13	1546.22
475.34	1503.21
475.55	1548.26
475.76	1568.74
475.96	1671.14
476.17	1499.11
476.38	1523.69
476.58	1601.51
476.79	1513.45
477.00	1439.72
477.20	1597.42
477.41	1552.36
477.62	1560.55
477.83	1562.60
478.03	1607.66
478.24	1691.62
478.45	1548.26
478.65	1572.84
478.86	1568.74
479.07	1587.18
479.27	1667.05
479.48	1554.41
479.69	1568.74
479.89	1578.98
480.10	1515.50
480.31	1538.02
480.51	1538.02
480.72	1644.52
480.93	1603.56
481.13	1523.69
481.34	1611.75
481.55	1511.40
481.75	1531.88
481.96	1527.78
482.17	1517.54
482.37	1527.78
482.58	1503.21
482.79	1642.47
482.99	1624.04
483.20	1486.83
483.41	1585.13
483.61	1640.42
483.82	1550.31
484.03	1552.36
484.23	1574.89
484.44	1570.79
484.65	1599.46
484.85	1538.02
485.06	1529.83
485.26	1523.69
485.47	1576.94
485.68	1501.16
485.88	1456.11
486.09	1535.98
486.30	1544.17
486.50	1603.56
486.71	1521.64
486.92	1636.33
487.12	1519.59
487.33	1552.36
487.53	1509.35
487.74	1521.64
487.95	1447.91
488.15	1669.09
488.36	1564.65
488.57	1509.35
488.77	1517.54
488.98	1581.03
489.18	1531.88
489.39	1570.79
489.60	1540.07
489.80	1578.98
490.01	1490.92
490.21	1531.88
490.42	1503.21
490.63	1558.50
490.83	1540.07
491.04	1513.45
491.24	1570.79
491.45	1529.83
491.66	1497.07
491.86	1572.84
492.07	1531.88
492.27	1509.35
492.48	1597.42
492.69	1497.07
492.89	1578.98
493.10	1529.83
493.30	1523.69
493.51	1519.59
493.72	1505.26
493.92	1560.55
494.13	1624.04
494.33	1568.74
494.54	1556.46
494.75	1529.83
494.95	1550.31
495.16	1478.63
495.36	1574.89
495.57	1617.90
495.77	1484.78
495.98	1505.26
496.19	1507.30
496.39	1611.75
496.60	1515.50
496.80	1535.98
497.01	1566.70
497.21	1519.59
497.42	1576.94
497.63	1523.69
497.83	1578.98
498.04	1552.36
498.24	1560.55
498.45	1544.17
498.65	1464.30
498.86	1558.50
499.06	1630.18
499.27	1535.98
499.48	1556.46
499.68	1550.31
499.89	1544.17
500.09	1472.49
500.30	1562.60
500.50	1527.78
500.71	1519.59
500.91	1523.69
501.12	1538.02
501.32	1478.63
501.53	1533.93
501.74	1585.13
501.94	1576.94
502.15	1609.70
502.35	1599.46
502.56	1499.11
502.76	1548.26
502.97	1552.36
503.17	1523.69
503.38	1626.09
503.58	1585.13
503.79	1552.36
503.99	1556.46
504.20	1544.17
504.40	1501.16
504.61	1570.79
504.81	1474.54
505.02	1550.31
505.22	1554.41
505.43	1552.36
505.63	1499.11
505.84	1570.79
506.04	1576.94
506.25	1482.73
506.45	1578.98
506.66	1492.97
506.86	1607.66
507.07	1560.55
507.27	1632.23
507.48	1509.35
507.68	1550.31
507.89	1529.83
508.09	1523.69
508.30	1523.69
508.50	1517.54
508.71	1538.02
508.91	1521.64
509.12	1558.50
509.32	1572.84
509.53	1585.13
509.73	1495.02
509.94	1617.90
510.14	1564.65
510.35	1529.83
510.55	1538.02
510.76	1552.36
510.96	1552.36
511.17	1517.54
511.37	1558.50
511.58	1540.07
511.78	1529.83
511.99	1507.30
512.19	1488.87
512.40	1568.74
512.60	1583.08
512.80	1630.18
513.01	1488.87
513.21	1509.35
513.42	1601.51
513.62	1556.46
513.83	1562.60
514.03	1529.83
514.24	1527.78
514.44	1538.02
514.65	1531.88
514.85	1568.74
515.05	1564.65
515.26	1576.94
515.46	1515.50
515.67	1570.79
515.87	1576.94
516.08	1540.07
516.28	1550.31
516.49	1572.84
516.69	1478.63
516.89	1531.88
517.10	1513.45
517.30	1507.30
517.51	1597.42
517.71	1497.07
517.92	1599.46
518.12	1507.30
518.32	1621.99
518.53	1578.98
518.73	1546.22
518.94	1640.42
519.14	1544.17
519.35	1505.26
519.55	1540.07
519.75	1542.12
519.96	1527.78
520.16	1478.63
520.37	1593.32
520.57	1519.59
520.78	1593.32
520.98	1601.51
521.18	1511.40
521.39	1566.70
521.59	1605.61
521.80	1552.36
522.00	1558.50
522.20	1624.04
522.41	1578.98
522.61	1533.93
522.82	1546.22
523.02	1527.78
523.22	1544.17
523.43	1564.65
523.63	1572.84
523.84	1503.21
524.04	1556.46
524.24	1585.13
524.45	1507.30
524.65	1468.39
524.85	1531.88
525.06	1535.98
525.26	1497.07
525.47	1519.59
525.67	1621.99
525.87	1578.98
526.08	1538.02
526.28	1603.56
526.48	1611.75
526.69	1568.74
526.89	1521.64
527.10	1589.22
527.30	1517.54
527.50	1597.42
527.71	1519.59
527.91	1517.54
528.11	1576.94
528.32	1499.11
528.52	1560.55
528.72	1558.50
528.93	1642.47
529.13	1488.87
529.34	1687.53
529.54	1609.70
529.74	1572.84
529.95	1501.16
530.15	1458.15
530.35	1507.30
530.56	1525.74
530.76	1529.83
530.96	1525.74
531.17	1527.78
531.37	1574.89
531.57	1613.80
531.78	1492.97
531.98	1583.08
532.18	1503.21
532.39	1529.83
532.59	1603.56
532.79	1523.69
533.00	1578.98
533.20	1464.30
533.40	1613.80
533.61	1505.26
533.81	1544.17
534.01	1591.27
534.22	1607.66
534.42	1525.74
534.62	1581.03
534.83	1454.06
535.03	1568.74
535.23	1552.36
535.44	1566.70
535.64	1515.50
535.84	1591.27
536.05	1468.39
536.25	1519.59
536.45	1441.77
536.65	1482.73
536.86	1521.64
537.06	1621.99
537.26	1466.35
537.47	1533.93
537.67	1437.67
537.87	1546.22
538.08	1576.94
538.28	1619.94
538.48	1574.89
538.68	1544.17
538.89	1519.59
539.09	1529.83
539.29	1568.74
539.50	1540.07
539.70	1488.87
539.90	1572.84
540.10	1527.78
540.31	1593.32
540.51	1568.74
540.71	1650.66
540.92	1523.69
541.12	1564.65
541.32	1499.11
541.52	1607.66
541.73	1540.07
541.93	1556.46
542.13	1527.78
542.33	1621.99
542.54	1613.80
542.74	1591.27
542.94	1583.08
543.14	1515.50
543.35	1535.98
543.55	1519.59
543.75	1454.06
543.96	1507.30
544.16	1517.54
544.36	1583.08
544.56	1538.02
544.77	1476.59
544.97	1535.98
545.17	1535.98
545.37	1568.74
545.58	1554.41
545.78	1601.51
545.98	1572.84
546.18	1572.84
546.38	1560.55
546.59	1597.42
546.79	1601.51
546.99	1601.51
547.19	1556.46
547.40	1546.22
547.60	1552.36
547.80	1597.42
548.00	1513.45
548.21	1488.87
548.41	1558.50
548.61	1560.55
548.81	1587.18
549.01	1507.30
549.22	1611.75
549.42	1638.38
549.62	1519.59
549.82	1587.18
550.03	1462.25
550.23	1535.98
550.43	1478.63
550.63	1587.18
550.83	1513.45
551.04	1529.83
551.24	1517.54
551.44	1581.03
551.64	1527.78
551.84	1542.12
552.05	1458.15
552.25	1507.30
552.45	1548.26
552.65	1593.32
552.85	1556.46
553.06	1511.40
553.26	1576.94
553.46	1535.98
553.66	1589.22
553.86	1505.26
554.07	1521.64
554.27	1542.12
554.47	1548.26
554.67	1591.27
554.87	1548.26
555.08	1544.17
555.28	1531.88
555.48	1511.40
555.68	1562.60
555.88	1562.60
556.08	1486.83
556.29	1552.36
556.49	1509.35
556.69	1554.41
556.89	1570.79
557.09	1552.36
557.29	1574.89
557.50	1550.31
557.70	1558.50
557.90	1478.63
558.10	1474.54
558.30	1564.65
558.50	1509.35
558.71	1513.45
558.91	1564.65
559.11	1677.29
559.31	1556.46
559.51	1609.70
559.71	1621.99
559.91	1497.07
560.12	1535.98
560.32	1601.51
560.52	1589.22
560.72	1546.22
560.92	1576.94
561.12	1562.60
561.32	1691.62
561.53	1472.49
561.73	1554.41
561.93	1542.12
562.13	1509.35
562.33	1535.98
562.53	1462.25
562.73	1535.98
562.93	1529.83
563.14	1456.11
563.34	1609.70
563.54	1464.30
563.74	1599.46
563.94	1597.42
564.14	1542.12
564.34	1464.30
564.54	1601.51
564.75	1589.22
564.95	1572.84
565.15	1564.65
565.35	1507.30
565.55	1554.41
565.75	1613.80
565.95	1564.65
566.15	1581.03
566.35	1556.46
566.56	1525.74
566.76	1531.88
566.96	1595.37
567.16	1531.88
567.36	1624.04
567.56	1525.74
567.76	1552.36
567.96	1535.98
568.16	1595.37
568.36	1517.54
568.56	1513.45
568.77	1515.50
568.97	1523.69
569.17	1462.25
569.37	1572.84
569.57	1548.26
569.77	1515.50
569.97	1476.59
570.17	1495.02
570.37	1511.40
570.57	1535.98
570.77	1591.27
570.97	1525.74
571.18	1581.03
571.38	1552.36
571.58	1593.32
571.78	1560.55
571.98	1568.74
572.18	1621.99
572.38	1585.13
572.58	1564.65
572.78	1566.70
572.98	1566.70
573.18	1523.69
573.38	1558.50
573.58	1585.13
573.78	1562.60
573.98	1529.83
574.18	1550.31
574.38	1431.53
574.58	1585.13
574.79	1533.93
574.99	1597.42
575.19	1535.98
575.39	1478.63
575.59	1482.73
575.79	1591.27
575.99	1556.46
576.19	1509.35
576.39	1529.83
576.59	1542.12
576.79	1501.16
576.99	1550.31
577.19	1540.07
577.39	1576.94
577.59	1566.70
577.79	1515.50
577.99	1562.60
578.19	1578.98
578.39	1529.83
578.59	1470.44
578.79	1521.64
578.99	1533.93
579.19	1513.45
579.39	1519.59
579.59	1525.74
579.79	1648.61
579.99	1535.98
580.19	1544.17
580.39	1533.93
580.59	1564.65
580.79	1548.26
580.99	1560.55
581.19	1578.98
581.39	1570.79
581.59	1535.98
581.79	1554.41
581.99	1527.78
582.19	1599.46
582.39	1585.13
582.59	1548.26
582.79	1591.27
582.99	1511.40
583.19	1519.59
583.39	1599.46
583.59	1576.94
583.79	1511.40
583.99	1538.02
584.19	1591.27
584.39	1540.07
584.59	1609.70
584.79	1499.11
584.99	1581.03
585.19	1538.02
585.39	1595.37
585.59	1548.26
585.79	1435.63
585.99	1546.22
586.19	1609.70
586.39	1505.26
586.59	1519.59
586.79	1558.50
586.99	1781.73
587.19	1605.61
587.39	1564.65
587.59	1497.07
587.78	1630.18
587.98	1482.73
588.18	1587.18
588.38	1497.07
588.58	1490.92
588.78	1513.45
588.98	1644.52
589.18	1564.65
589.38	1613.80
589.58	1554.41
589.78	1525.74
589.98	1533.93
590.18	1488.87
590.38	1583.08
590.58	1587.18
590.78	1490.92
590.98	1576.94
591.17	1638.38
591.37	1626.09
591.57	1503.21
591.77	1574.89
591.97	1607.66
592.17	1550.31
592.37	1515.50
592.57	1589.22
592.77	1531.88
592.97	1591.27
593.17	1535.98
593.37	1521.64
593.57	1538.02
593.76	1562.60
593.96	1501.16
594.16	1556.46
594.36	1548.26
594.56	1542.12
594.76	1630.18
594.96	1540.07
595.16	1562.60
595.36	1540.07
595.56	1439.72
595.75	1556.46
595.95	1540.07
596.15	1546.22
596.35	1568.74
596.55	1509.35
596.75	1615.85
596.95	1591.27
597.15	1546.22
597.35	1589.22
597.55	1546.22
597.74	1464.30
597.94	1521.64
598.14	1644.52
598.34	1542.12
598.54	1613.80
598.74	1591.27
598.94	1529.83
599.14	1558.50
599.33	1560.55
599.53	1595.37
599.73	1533.93
599.93	1560.55
600.13	1609.70
600.33	1521.64
600.53	1531.88
600.72	1558.50
600.92	1566.70
601.12	1546.22
601.32	1488.87
601.52	1595.37
601.72	1570.79
601.92	1624.04
602.11	1540.07
602.31	1638.38
602.51	1531.88
602.71	1533.93
602.91	1505.26
603.11	1521.64
603.31	1581.03
603.50	1497.07
603.70	1505.26
603.90	1626.09
604.10	1576.94
604.30	1507.30
604.50	1525.74
604.69	1540.07
604.89	1568.74
605.09	1540.07
605.29	1509.35
605.49	1589.22
605.69	1613.80
605.88	1566.70
606.08	1540.07
606.28	1505.26
606.48	1591.27
606.68	1511.40
606.87	1572.84
607.07	1560.55
607.27	1566.70
607.47	1515.50
607.67	1585.13
607.87	1578.98
608.06	1535.98
608.26	1523.69
608.46	1607.66
608.66	1548.26
608.86	1544.17
609.05	1488.87
609.25	1540.07
609.45	1488.87
609.65	1519.59
609.85	1691.62
610.04	1521.64
610.24	1599.46
610.44	1552.36
610.64	1595.37
610.84	1564.65
611.03	1511.40
611.23	1482.73
611.43	1538.02
611.63	1499.11
611.82	1531.88
612.02	1486.83
612.22	1523.69
612.42	1490.92
612.62	1533.93
612.81	1468.39
613.01	1554.41
613.21	1566.70
613.41	1517.54
613.60	1519.59
613.80	1642.47
614.00	1535.98
614.20	1556.46
614.40	1583.08
614.59	1515.50
614.79	1531.88
614.99	1560.55
615.19	1617.90
615.38	1527.78
615.58	1574.89
615.78	1591.27
615.98	1507.30
616.17	1585.13
616.37	1589.22
616.57	1638.38
616.77	1523.69
616.96	1552.36
617.16	1497.07
617.36	1593.32
617.56	1540.07
617.75	1601.51
617.95	1527.78
618.15	1501.16
618.35	1564.65
618.54	1439.72
618.74	1511.40
618.94	1521.64
619.13	1615.85
619.33	1529.83
619.53	1595.37
619.73	1585.13
619.92	1574.89
620.12	1634.28
620.32	1540.07
620.52	1478.63
620.71	1589.22
620.91	1556.46
621.11	1550.31
621.30	1540.07
621.50	1572.84
621.70	1540.07
621.90	1554.41
622.09	1519.59
622.29	1556.46
622.49	1476.59
622.68	1560.55
622.88	1513.45
623.08	1548.26
623.27	1550.31
623.47	1603.56
623.67	1576.94
623.87	1593.32
624.06	1503.21
624.26	1556.46
624.46	1507.30
624.65	1572.84
624.85	1538.02
625.05	1525.74
625.24	1499.11
625.44	1574.89
625.64	1519.59
625.83	1572.84
626.03	1634.28
626.23	1519.59
626.42	1601.51
626.62	1482.73
626.82	1437.67
627.01	1560.55
627.21	1683.43
627.41	1488.87
627.60	1605.61
627.80	1583.08
628.00	1499.11
628.19	1601.51
628.39	1615.85
628.59	1529.83
628.78	1558.50
628.98	1523.69
629.18	1462.25
629.37	1544.17
629.57	1535.98
629.77	1533.93
629.96	1560.55
630.16	1478.63
630.36	1585.13
630.55	1613.80
630.75	1538.02
630.95	1564.65
631.14	1554.41
631.34	1581.03
631.54	1572.84
631.73	1535.98
631.93	1544.17
632.12	1531.88
632.32	1527.78
632.52	1519.59
632.71	1525.74
632.91	1566.70
633.11	1513.45
633.30	1613.80
633.50	1529.83
633.69	1544.17
633.89	1519.59
634.09	1488.87
634.28	1529.83
634.48	1574.89
634.68	1538.02
634.87	1544.17
635.07	1564.65
635.26	1501.16
635.46	1572.84
635.66	1564.65
635.85	1529.83
636.05	1585.13
636.24	1548.26
636.44	1554.41
636.64	1562.60
636.83	1501.16
637.03	1564.65
637.22	1626.09
637.42	1531.88
637.62	1562.60
637.81	1472.49
638.01	1499.11
638.20	1589.22
638.40	1609.70
638.60	1460.20
638.79	1544.17
638.99	1523.69
639.18	1482.73
639.38	1521.64
639.57	1507.30
639.77	1597.42
639.97	1499.11
640.16	1519.59
640.36	1531.88
640.55	1581.03
640.75	1615.85
640.94	1624.04
641.14	1597.42
641.34	1589.22
641.53	1576.94
641.73	1503.21
641.92	1501.16
642.12	1503.21
642.31	1525.74
642.51	1583.08
642.71	1642.47
642.90	1460.20
643.10	1513.45
643.29	1640.42
643.49	1497.07
643.68	1464.30
643.88	1597.42
644.07	1535.98
644.27	1462.25
644.46	1503.21
644.66	1560.55
644.86	1585.13
645.05	1562.60
645.25	1529.83
645.44	1503.21
645.64	1660.90
645.83	1525.74
646.03	1488.87
646.22	1554.41
646.42	1581.03
646.61	1585.13
646.81	1576.94
647.00	1605.61
647.20	1544.17
647.39	1472.49
647.59	1550.31
647.78	1533.93
647.98	1486.83
648.18	1507.30
648.37	1538.02
648.57	1515.50
648.76	1505.26
648.96	1562.60
649.15	1511.40
649.35	1503.21
649.54	1560.55
649.74	1578.98
649.93	1523.69
650.13	1533.93
650.32	1581.03
650.52	1542.12
650.71	1531.88
650.91	1550.31
651.10	1568.74
651.30	1585.13
651.49	1546.22
651.69	1527.78
651.88	1511.40
652.08	1548.26
652.27	1454.06
652.46	1632.23
652.66	1546.22
652.85	1527.78
653.05	1583.08
653.24	1628.14
653.44	1509.35
653.63	1509.35
653.83	1558.50
654.02	1552.36
654.22	1449.96
654.41	1521.64
654.61	1570.79
654.80	1529.83
655.00	1617.90
655.19	1548.26
655.39	1560.55
655.58	1525.74
655.77	1554.41
655.97	1595.37
656.16	1527.78
656.36	1550.31
656.55	1490.92
656.75	1578.98
656.94	1454.06
657.14	1525.74
657.33	1566.70
657.53	1431.53
657.72	1564.65
657.91	1626.09
658.11	1535.98
658.30	1560.55
658.50	1550.31
658.69	1578.98
658.89	1562.60
659.08	1478.63
659.27	1497.07
659.47	1581.03
659.66	1585.13
659.86	1515.50
660.05	1538.02
660.25	1486.83
660.44	1488.87
660.63	1531.88
660.83	1566.70
661.02	1540.07
661.22	1626.09
661.41	1566.70
661.61	1535.98
661.80	1560.55
661.99	1511.40
662.19	1554.41
662.38	1542.12
662.58	1617.90
662.77	1492.97
662.96	1456.11
663.16	1605.61
663.35	1570.79
663.55	1644.52
663.74	1634.28
663.93	1550.31
664.13	1523.69
664.32	1515.50
664.52	1513.45
664.71	1509.35
664.90	1511.40
665.10	1613.80
665.29	1552.36
665.49	1558.50
665.68	1595.37
665.87	1548.26
666.07	1589.22
666.26	1564.65
666.45	1495.02
666.65	1578.98
666.84	1515.50
667.04	1638.38
667.23	1527.78
667.42	1593.32
667.62	1495.02
667.81	1501.16
668.00	1517.54
668.20	1611.75
668.39	1542.12
668.58	1497.07
668.78	1505.26
668.97	1511.40
669.17	1484.78
669.36	1621.99
669.55	1548.26
669.75	1626.09
669.94	1578.98
670.13	1546.22
670.33	1628.14
670.52	1585.13
670.71	1513.45
670.91	1607.66
671.10	1560.55
671.29	1581.03
671.49	1490.92
671.68	1609.70
671.87	1482.73
672.07	1452.01
672.26	1517.54
672.45	1556.46
672.65	1507.30
672.84	1630.18
673.03	1507.30
673.23	1558.50
673.42	1417.19
673.61	1564.65
673.81	1497.07
674.00	1511.40
674.19	1617.90
674.39	1552.36
674.58	1409.00
674.77	1505.26
674.97	1599.46
675.16	1538.02
675.35	1642.47
675.55	1550.31
675.74	1632.23
675.93	1556.46
676.12	1552.36
676.32	1513.45
676.51	1540.07
676.70	1552.36
676.90	1607.66
677.09	1546.22
677.28	1492.97
677.48	1542.12
677.67	1501.16
677.86	1523.69
678.05	1523.69
678.25	1617.90
678.44	1558.50
678.63	1470.44
678.83	1597.42
679.02	1521.64
679.21	1605.61
679.40	1535.98
679.60	1648.61
679.79	1513.45
679.98	1589.22
680.17	1554.41
680.37	1482.73
680.56	1564.65
680.75	1583.08
680.95	1521.64
681.14	1624.04
681.33	1519.59
681.52	1675.24
681.72	1585.13
681.91	1548.26
682.10	1538.02
682.29	1562.60
682.49	1548.26
682.68	1611.75
682.87	1470.44
683.06	1519.59
683.26	1507.30
683.45	1585.13
683.64	1605.61
683.83	1535.98
684.03	1501.16
684.22	1568.74
684.41	1558.50
684.60	1447.91
684.80	1611.75
684.99	1503.21
685.18	1515.50
685.37	1531.88
685.56	1556.46
685.76	1591.27
685.95	1638.38
686.14	1466.35
686.33	1480.68
686.53	1630.18
686.72	1470.44
686.91	1548.26
687.10	1544.17
687.29	1560.55
687.49	1560.55
687.68	1560.55
687.87	1574.89
688.06	1533.93
688.26	1576.94
688.45	1578.98
688.64	1556.46
688.83	1501.16
689.02	1527.78
689.22	1505.26
689.41	1525.74
689.60	1609.70
689.79	1480.68
689.98	1615.85
690.18	1593.32
690.37	1535.98
690.56	1511.40
690.75	1540.07
690.94	1544.17
691.13	1566.70
691.33	1562.60
691.52	1525.74
691.71	1619.94
691.90	1617.90
692.09	1515.50
692.29	1552.36
692.48	1535.98
692.67	1511.40
692.86	1431.53
693.05	1503.21
693.24	1607.66
693.44	1515.50
693.63	1546.22
693.82	1576.94
694.01	1480.68
694.20	1568.74
694.39	1591.27
694.59	1509.35
694.78	1603.56
694.97	1572.84
695.16	1589.22
695.35	1585.13
695.54	1546.22
695.74	1581.03
695.93	1495.02
696.12	1589.22
696.31	1640.42
696.50	1562.60
696.69	1568.74
696.88	1593.32
697.08	1593.32
697.27	1513.45
697.46	1550.31
697.65	1615.85
697.84	1460.20
698.03	1638.38
698.22	1503.21
698.41	1558.50
698.61	1515.50
698.80	1529.83
698.99	1564.65
699.18	1521.64
699.37	1497.07
699.56	1628.14
699.75	1609.70
699.94	1433.58
700.14	1597.42
700.33	1595.37
700.52	1540.07
700.71	1544.17
700.90	1507.30
701.09	1605.61
701.28	1595.37
701.47	1495.02
701.66	1533.93
701.86	1587.18
702.05	1564.65
702.24	1527.78
702.43	1482.73
702.62	1552.36
702.81	1523.69
703.00	1556.46
703.19	1460.20
703.38	1542.12
703.57	1429.48
703.77	1548.26
703.96	1585.13
704.15	1509.35
704.34	1482.73
704.53	1601.51
704.72	1501.16
704.91	1621.99
705.10	1540.07
705.29	1566.70
705.48	1601.51
705.67	1527.78
705.86	1538.02
706.05	1595.37
706.25	1527.78
706.44	1538.02
706.63	1576.94
706.82	1636.33
707.01	1564.65
707.20	1642.47
707.39	1581.03
707.58	1521.64
707.77	1521.64
707.96	1513.45
708.15	1576.94
708.34	1634.28
708.53	1527.78
708.72	1542.12
708.91	1544.17
709.10	1554.41
709.29	1558.50
709.48	1533.93
709.67	1538.02
709.87	1587.18
710.06	1538.02
710.25	1603.56
710.44	1511.40
710.63	1576.94
710.82	1667.05
711.01	1576.94
711.20	1525.74
711.39	1581.03
711.58	1593.32
711.77	1527.78
711.96	1572.84
712.15	1488.87
712.34	1525.74
712.53	1535.98
712.72	1548.26
712.91	1662.95
713.10	1558.50
713.29	1578.98
713.48	1572.84
713.67	1583.08
713.86	1570.79
714.05	1581.03
714.24	1505.26
714.43	1544.17
714.62	1548.26
714.81	1546.22
715.00	1599.46
715.19	1630.18
715.38	1527.78
715.57	1574.89
715.76	1568.74
715.95	1816.55
716.14	1546.22
716.33	1560.55
716.52	1642.47
716.71	1624.04
716.90	1595.37
717.09	1531.88
717.28	1527.78
717.47	1507.30
717.66	1439.72
717.85	1619.94
718.04	1527.78
718.23	1533.93
718.42	1566.70
718.61	1617.90
718.80	1581.03
718.99	1576.94
719.18	1548.26
719.37	1546.22
719.55	1601.51
719.74	1562.60
719.93	1638.38
720.12	1542.12
720.31	1531.88
720.50	1589.22
720.69	1556.46
720.88	1548.26
721.07	1556.46
721.26	1591.27
721.45	1499.11
721.64	1607.66
721.83	1585.13
722.02	1505.26
722.21	1708.01
722.40	1568.74
722.59	1554.41
722.78	1570.79
722.97	1572.84
723.15	1609.70
723.34	1503.21
723.53	1617.90
723.72	1529.83
723.91	1650.66
724.10	1564.65
724.29	1503.21
724.48	1495.02
724.67	1533.93
724.86	1576.94
725.05	1550.31
725.24	1634.28
725.43	1525.74
725.61	1589.22
725.80	1587.18
725.99	1621.99
726.18	1593.32
726.37	1644.52
726.56	1552.36
726.75	1499.11
726.94	1564.65
727.13	1564.65
727.32	1531.88
727.50	1535.98
727.69	1630.18
727.88	1517.54
728.07	1554.41
728.26	1630.18
728.45	1587.18
728.64	1630.18
728.83	1554.41
729.02	1601.51
729.21	1613.80
729.39	1560.55
729.58	1521.64
729.77	1562.60
729.96	1540.07
730.15	1665.00
730.34	1562.60
730.53	1591.27
730.72	1517.54
730.90	1593.32
731.09	1578.98
731.28	1523.69
731.47	1607.66
731.66	1562.60
731.85	1572.84
732.04	1578.98
732.22	1587.18
732.41	1490.92
732.60	1566.70
732.79	1619.94
732.98	1613.80
733.17	1624.04
733.36	1529.83
733.54	1671.14
733.73	1621.99
733.92	1593.32
734.11	1519.59
734.30	1613.80
734.49	1599.46
734.67	1644.52
734.86	1501.16
735.05	1593.32
735.24	1556.46
735.43	1538.02
735.62	1578.98
735.80	1591.27
735.99	1558.50
736.18	1597.42
736.37	1628.14
736.56	1681.38
736.75	1540.07
736.93	1546.22
737.12	1581.03
737.31	1658.85
737.50	1718.25
737.69	1685.48
737.87	1615.85
738.06	1581.03
738.25	1634.28
738.44	1568.74
738.63	1576.94
738.82	1558.50
739.00	1693.67
739.19	1599.46
739.38	1642.47
739.57	1583.08
739.76	1677.29
739.94	1615.85
740.13	1601.51
740.32	1589.22
740.51	1667.05
740.69	1662.95
740.88	1585.13
741.07	1591.27
741.26	1716.20
741.45	1685.48
741.63	1660.90
741.82	1646.57
742.01	1619.94
742.20	1699.81
742.39	1675.24
742.57	1615.85
742.76	1673.19
742.95	1607.66
743.14	1650.66
743.32	1693.67
743.51	1652.71
743.70	1613.80
743.89	1638.38
744.07	1710.05
744.26	1609.70
744.45	1675.24
744.64	1581.03
744.82	1642.47
745.01	1687.53
745.20	1675.24
745.39	1615.85
745.57	1626.09
745.76	1650.66
745.95	1693.67
746.14	1785.83
746.32	1736.68
746.51	2103.26
746.70	1662.95
746.89	1734.63
747.07	1714.15
747.26	1746.92
747.45	1615.85
747.64	1624.04
747.82	1658.85
748.01	1693.67
748.20	1765.35
748.39	1757.16
748.57	1621.99
748.76	1658.85
748.95	1685.48
749.13	1722.34
749.32	1693.67
749.51	1648.61
749.70	1716.20
749.88	1726.44
750.07	1642.47
750.26	1757.16
750.44	1605.61
750.63	1771.49
750.82	1697.77
751.01	1593.32
751.19	1652.71
751.38	1785.83
751.57	1648.61
751.75	1652.71
751.94	1746.92
752.13	1705.96
752.31	1679.33
752.50	1785.83
752.69	1742.82
752.87	1634.28
753.06	1765.35
753.25	1708.01
753.44	1708.01
753.62	1746.92
753.81	1753.06
754.00	1687.53
754.18	1722.34
754.37	1736.68
754.56	1820.64
754.74	1710.05
754.93	1667.05
755.12	1699.81
755.30	1789.92
755.49	1787.88
755.68	1679.33
755.86	1677.29
756.05	1724.39
756.24	1728.49
756.42	1834.98
756.61	1699.81
756.80	1783.78
756.98	1693.67
757.17	1660.90
757.36	1726.44
757.54	1755.11
757.73	1781.73
757.91	1837.03
758.10	1763.30
758.29	1738.73
758.47	1814.50
758.66	1740.77
758.85	1884.13
759.03	1828.84
759.22	1753.06
759.41	1753.06
759.59	1765.35
759.78	1806.31
759.96	1718.25
760.15	1730.53
760.34	1820.64
760.52	1802.21
760.71	1875.94
760.90	1818.60
761.08	1896.42
761.27	1757.16
761.45	1832.93
761.64	1894.37
761.83	1873.89
762.01	1890.28
762.20	1875.94
762.39	1767.40
762.57	1937.38
762.76	1812.45
762.94	1798.12
763.13	1822.69
763.32	1847.27
763.50	1890.28
763.69	1925.09
763.87	1880.04
764.06	1859.56
764.25	1929.19
764.43	1902.56
764.62	1886.18
764.80	1918.95
764.99	1920.99
765.17	1826.79
765.36	1837.03
765.55	1822.69
765.73	1873.89
765.92	1994.72
766.10	1998.82
766.29	1908.71
766.48	1961.95
766.66	1966.05
766.85	1884.13
767.03	1986.53
767.22	1955.81
767.40	2076.64
767.59	2019.30
767.78	1961.95
767.96	1964.00
768.15	1994.72
768.33	2007.01
768.52	2068.45
768.70	2070.50
768.89	2045.92
769.07	2119.65
769.26	2023.39
769.45	2144.22
769.63	2273.25
769.82	2160.61
770.00	2019.30
770.19	2082.78
770.37	2154.46
770.56	2133.98
770.74	2228.19
770.93	2201.57
771.11	2207.71
771.30	2197.47
771.48	2168.80
771.67	2297.82
771.86	2250.72
772.04	2133.98
772.23	2256.86
772.41	2158.56
772.60	2238.43
772.78	2213.85
772.97	2277.34
773.15	2193.37
773.34	2322.40
773.52	2318.30
773.71	2383.84
773.89	2217.95
774.08	2269.15
774.26	2314.20
774.45	2320.35
774.63	2392.03
774.82	2484.19
775.00	2258.91
775.19	2387.93
775.37	2469.85
775.56	2418.65
775.74	2400.22
775.93	2461.66
776.11	2475.99
776.30	2498.52
776.48	2488.28
776.67	2471.90
776.85	2510.81
777.04	2584.54
777.22	2553.82
777.41	2572.25
777.59	2725.85
777.78	2582.49
777.96	2699.22
778.15	2592.73
778.33	2676.70
778.52	2723.80
778.70	2791.38
778.88	2684.89
779.07	2752.47
779.25	2738.13
779.44	2852.82
779.62	2775.00
779.81	2832.34
779.99	2912.21
780.18	2842.58
780.36	2916.31
780.55	2922.45
780.73	2987.99
780.92	3004.37
781.10	3059.67
781.28	3090.38
781.47	3153.87
781.65	3069.91
781.84	3143.63
782.02	3147.73
782.21	3256.27
782.39	3186.64
782.58	3227.60
782.76	3239.89
782.94	3309.52
783.13	3387.34
783.31	3301.33
783.50	3342.28
783.68	3327.95
783.87	3569.61
784.05	3553.23
784.23	3651.53
784.42	3596.23
784.60	3674.06
784.79	3657.67
784.97	3620.81
785.15	3739.59
785.34	3796.93
785.52	3702.73
785.71	3856.33
785.89	3788.74
786.08	3782.60
786.26	3813.32
786.44	3950.53
786.63	3997.64
786.81	4005.83
787.00	3956.68
787.18	3973.06
787.36	4188.10
787.55	4167.62
787.73	4147.14
787.91	4100.03
788.10	4145.09
788.28	4335.55
788.47	4323.26
788.65	4358.08
788.83	4345.79
789.02	4407.23
789.20	4415.42
789.39	4421.56
789.57	4530.11
789.75	4583.35
789.94	4511.68
790.12	4587.45
790.30	4626.36
790.49	4599.74
790.67	4800.44
790.86	4675.51
791.04	4880.31
791.22	4949.94
791.41	4765.62
791.59	4925.36
791.77	4951.99
791.96	5148.59
792.14	5154.74
792.32	5124.02
792.51	5263.28
792.69	5210.03
792.87	5373.87
793.06	5349.29
793.24	5533.61
793.42	5453.74
793.61	5437.36
793.79	5511.08
793.98	5584.81
794.16	5748.65
794.34	5736.36
794.53	5736.36
794.71	5828.52
794.89	5840.81
795.08	5975.97
795.26	6027.17
795.44	6057.89
795.62	6072.23
795.81	6344.61
795.99	6424.48
796.17	6264.74
796.36	6539.16
796.54	6545.31
796.72	6635.42
796.91	6698.91
797.09	6508.44
797.27	6860.70
797.46	6780.82
797.64	6903.70
797.82	6942.61
798.01	7042.96
798.19	7229.33
798.37	7167.89
798.55	7225.23
798.74	7186.32
798.92	7323.54
799.10	7307.15
799.29	7452.56
799.47	7421.84
799.65	7475.09
799.84	7655.31
800.02	7593.87
800.20	7538.57
800.38	7817.10
800.57	7899.02
800.75	8017.80
800.93	8118.15
801.11	8152.96
801.30	8171.40
801.48	8281.99
801.66	8370.05
801.85	8509.31
802.03	8671.10
802.21	8839.03
802.39	8851.32
802.58	8974.20
802.76	9107.32
802.94	9224.05
803.12	9283.44
803.31	9451.38
803.49	9525.10
803.67	9797.48
803.85	9879.40
804.04	9893.74
804.22	10033.00
804.40	10045.29
804.58	10223.46
804.77	10391.39
804.95	10577.76
805.13	10655.58
805.31	10747.74
805.50	10766.17
805.68	10643.29
805.86	10958.68
806.04	11116.37
806.23	11421.52
806.41	11200.34
806.59	11667.28
806.77	11628.37
806.95	11718.48
807.14	11716.43
807.32	11784.01
807.50	11851.60
807.68	11913.03
807.87	11976.52
808.05	12158.79
808.23	12560.19
808.41	12408.64
808.59	12472.13
808.78	12578.62
808.96	12605.25
809.14	12685.12
809.32	12986.17
809.50	13049.66
809.69	13088.57
809.87	13289.27
810.05	13545.27
810.23	13834.03
810.41	13944.62
810.60	13963.05
810.78	13915.95
810.96	14143.27
811.14	14380.84
811.32	14511.91
811.51	14563.11
811.69	15048.47
811.87	14845.73
812.05	15343.38
812.23	15341.33
812.41	15619.86
812.60	15820.56
812.78	16090.89
812.96	15986.44
813.14	16191.24
813.32	16447.24
813.50	16381.70
813.69	16494.34
813.87	16695.04
814.05	16742.14
814.23	16756.48
814.41	17051.39
814.59	17254.14
814.78	17553.14
814.96	17682.16
815.14	17483.51
815.32	18120.43
815.50	17884.91
815.68	18204.39
815.87	18446.05
816.05	18317.03
816.23	18716.39
816.41	18814.69
816.59	18960.09
816.77	19492.57
816.95	19742.42
817.13	20043.47
817.32	20041.42
817.50	20098.77
817.68	20489.93
817.86	20608.71
818.04	20625.09
818.22	21057.21
818.40	20983.49
818.59	21270.20
818.77	21733.04
818.95	21700.28
819.13	22046.38
819.31	22032.05
819.49	22322.86
819.67	22597.29
819.85	22720.17
820.03	23076.51
820.22	23053.98
820.40	23525.02
820.58	24004.24
820.76	23801.49
820.94	24352.40
821.12	24606.34
821.30	24671.88
821.48	24985.22
821.66	25599.61
821.84	25493.12
822.03	26011.25
822.21	26021.49
822.39	26463.85
822.57	26887.78
822.75	27084.39
822.93	27285.09
823.11	27586.14
823.29	28137.04
823.47	28388.94
823.65	28733.00
823.83	29003.33
824.01	29199.94
824.19	29326.91
824.38	29982.26
824.56	30082.61
824.74	30232.11
824.92	30699.05
825.10	30938.66
825.28	30948.90
825.46	31479.33
825.64	31761.95
825.82	32273.94
826.00	32318.99
826.18	32882.19
826.36	32529.94
826.54	33412.61
826.72	33058.31
826.90	33410.56
827.08	33947.13
827.26	34125.30
827.44	34074.10
827.63	34350.58
827.81	34921.96
827.99	35282.41
828.17	35888.60
828.35	36009.43
828.53	36171.22
828.71	36474.32
828.89	37295.56
829.07	37170.63
829.25	37498.31
829.43	38133.18
829.61	37938.62
829.79	38428.09
829.97	38518.20
830.15	39118.25
830.33	39605.67
830.51	39988.64
830.69	40215.96
830.87	40435.10
831.05	40990.09
831.23	40799.63
831.41	41074.06
831.59	41475.46
831.77	41508.23
831.95	41723.27
832.13	41930.11
832.31	42263.93
832.49	42966.38
832.67	43363.69
832.85	43668.84
833.03	44055.90
833.21	45018.45
833.39	44981.59
833.57	45583.69
833.75	45440.33
833.93	45841.73
834.11	46036.29
834.29	46372.16
834.47	46701.88
834.65	47342.89
834.83	46779.70
835.01	48264.48
835.19	48229.66
835.37	48270.62
835.55	48409.89
835.73	49259.79
835.91	49526.03
836.09	50222.34
836.27	50523.39
836.45	50982.13
836.62	51444.98
836.80	51825.90
836.98	52049.13
837.16	52485.34
837.34	52995.29
837.52	53400.79
837.70	54090.95
837.88	53839.05
838.06	54672.57
838.24	54666.43
838.42	55391.41
838.60	55874.73
838.78	55387.31
838.96	55751.85
839.14	56054.95
839.32	56587.42
839.50	57416.85
839.68	56638.62
839.85	56753.31
840.03	57306.26
840.21	57353.36
840.39	57900.17
840.57	58080.39
840.75	58227.85
840.93	58158.22
841.11	58956.92
841.29	58872.96
841.47	58791.04
841.65	58756.22
841.83	59016.32
842.00	59401.33
842.18	59247.74
842.36	59329.65
842.54	59622.51
842.72	59526.26
842.90	59952.24
843.08	60103.79
843.26	60195.95
843.44	60124.27
843.62	60576.87
843.79	60689.51
843.97	60394.60
844.15	60783.71
844.33	60980.32
844.51	60140.65
844.69	60468.33
844.87	61119.58
845.05	60951.65
845.23	61232.22
845.40	60540.00
845.58	60951.65
845.76	60679.27
845.94	61084.76
846.12	60675.17
846.30	60867.68
846.48	60783.71
846.66	60378.21
846.83	60757.09
847.01	60603.49
847.19	60359.78
847.37	60759.14
847.55	60720.23
847.73	60914.78
847.91	60019.82
848.08	60091.50
848.26	60214.38
848.44	59892.85
848.62	59198.58
848.80	59391.09
848.98	59407.48
849.15	59497.59
849.33	58549.38
849.51	58999.93
849.69	58666.11
849.87	58322.05
850.05	58119.31
850.23	57564.31
850.40	57838.73
850.58	58451.08
850.76	57482.39
850.94	57109.66
851.12	57167.00
851.29	57390.23
851.47	57134.23
851.65	56319.14
851.83	56380.58
852.01	56474.79
852.19	55958.70
852.36	55948.46
852.54	55776.43
852.72	55356.60
852.90	55960.75
853.08	54615.23
853.25	55264.44
853.43	54240.45
853.61	53585.10
853.79	53875.91
853.97	52894.94
854.14	52270.31
854.32	51963.11
854.50	51791.08
854.68	51438.83
854.86	50744.57
855.03	50515.20
855.21	50042.12
855.39	50054.40
855.57	49431.82
855.75	48393.50
855.92	48502.04
856.10	47469.87
856.28	46972.21
856.46	46587.19
856.63	45946.18
856.81	45376.84
856.99	45129.04
857.17	44545.37
857.35	43439.47
857.52	43271.53
857.70	42984.82
857.88	42237.31
858.06	41923.97
858.23	41266.57
858.41	40727.95
858.59	40025.50
858.77	39595.43
858.94	38849.97
859.12	38387.13
859.30	38155.71
859.48	37572.03
859.65	36849.10
859.83	36316.63
860.01	35921.37
860.19	35233.25
860.36	34582.00
860.54	34336.24
860.72	33635.84
860.90	33408.51
861.07	32986.63
861.25	32548.37
861.43	31704.60
861.60	31467.04
861.78	30774.83
861.96	29984.31
862.14	29531.71
862.31	28892.74
862.49	28606.03
862.67	27905.62
862.84	27481.69
863.02	27225.70
863.20	27041.38
863.38	26320.49
863.55	26193.52
863.73	25695.86
863.91	25394.81
864.08	24800.90
864.26	25007.75
864.44	23832.21
864.62	23697.05
864.79	23088.80
864.97	23066.27
865.15	22580.90
865.32	22329.00
865.50	22183.60
865.68	21481.14
865.85	21270.20
866.03	21141.18
866.21	20618.95
866.38	20315.85
866.56	20201.16
866.74	19783.38
866.92	19363.54
867.09	19232.47
867.27	18753.25
867.45	18532.07
867.62	18034.41
867.80	17755.89
867.98	17319.67
868.15	17299.19
868.33	17094.40
868.51	16590.59
868.68	16164.62
868.86	15976.20
869.04	15597.33
869.21	15417.11
869.39	15240.98
869.56	14976.80
869.74	14610.21
869.92	14505.76
870.09	14016.30
870.27	13518.64
870.45	13481.78
870.62	13475.63
870.80	13213.49
870.98	12910.40
871.15	12545.86
871.33	12349.25
871.51	12117.83
871.68	11986.76
871.86	12089.16
872.03	11847.50
872.21	11657.04
872.39	11259.73
872.56	11028.31
872.74	10897.24
872.92	10671.97
873.09	10815.32
873.27	10547.04
873.44	10223.46
873.62	10379.11
873.80	9928.55
873.97	9881.45
874.15	9793.39
874.32	9400.18
874.50	9396.08
874.68	9140.08
874.85	9056.12
875.03	8865.66
875.20	8941.43
875.38	8630.14
875.56	8396.67
875.73	8263.55
875.91	8187.78
876.08	8079.24
876.26	7884.68
876.44	7806.86
876.61	7477.13
876.79	7475.09
876.96	7524.24
877.14	7255.95
877.32	7165.84
877.49	7032.72
877.67	6883.22
877.84	6889.37
878.02	6807.45
878.19	6840.22
878.37	6668.19
878.55	6565.79
878.72	6580.12
878.90	6139.81
879.07	6074.28
879.25	6215.59
879.42	6272.93
879.60	5961.64
879.77	5701.54
879.95	5810.09
880.13	5640.11
880.30	5541.80
880.48	5412.78
880.65	5486.51
880.83	5281.71
881.00	5081.01
881.18	5070.77
881.35	4954.04
881.53	5003.19
881.70	4767.67
881.88	4798.39
882.06	4859.83
882.23	4589.50
882.41	4501.44
882.58	4491.20
882.76	4425.66
882.93	4388.80
883.11	4403.13
883.28	4382.65
883.46	4321.21
883.63	4116.42
883.81	4194.24
883.98	4243.39
884.16	4067.27
884.33	4124.61
884.51	3846.09
884.68	3942.34
884.86	3821.51
885.03	3772.36
885.21	3741.64
885.38	3741.64
885.56	3624.90
885.73	3674.06
885.91	3682.25
886.08	3510.22
886.26	3506.12
886.43	3600.33
886.61	3465.16
886.78	3438.54
886.96	3401.68
887.13	3362.76
887.31	3350.48
887.48	3268.56
887.66	3209.17
887.83	3231.69
888.01	3194.83
888.18	3125.20
888.36	3172.30
888.53	3112.91
888.71	3026.90
888.88	3117.01
889.06	3071.95
889.23	3004.37
889.40	3028.95
889.58	3018.71
889.75	2836.44
889.93	2889.68
890.10	2842.58
890.28	2869.20
890.45	2858.96
890.63	2826.20
890.80	2787.29
890.98	2854.87
891.15	2762.71
891.32	2715.61
891.50	2605.02
891.67	2680.79
891.85	2568.15
892.02	2650.07
892.20	2615.26
892.37	2574.30
892.54	2480.09
892.72	2574.30
892.89	2465.75
893.07	2500.57
893.24	2537.43
893.42	2439.13
893.59	2365.40
893.76	2529.24
893.94	2410.46
894.11	2480.09
894.29	2443.23
894.46	2375.64
894.64	2447.32
894.81	2283.49
894.98	2351.07
895.16	2183.13
895.33	2260.96
895.51	2306.01
895.68	2281.44
895.85	2318.30
896.03	2222.05
896.20	2203.61
896.38	2207.71
896.55	2183.13
896.72	2244.57
896.90	2099.17
897.07	2129.89
897.25	2142.18
897.42	2138.08
897.59	2072.54
897.77	2170.85
897.94	2164.70
898.11	2107.36
898.29	2129.89
898.46	2060.26
898.64	2060.26
898.81	2007.01
898.98	2205.66
899.16	2076.64
899.33	2060.26
899.50	2017.25
899.68	2082.78
899.85	2011.11
900.02	1980.39
900.20	1994.72
900.37	1976.29
900.55	1994.72
900.72	1998.82
900.89	1945.57
901.07	1908.71
901.24	1964.00
901.41	1949.67
901.59	1828.84
901.76	1869.80
901.93	1863.65
902.11	1912.80
902.28	1939.43
902.45	1923.04
902.63	2004.96
902.80	1896.42
902.97	1847.27
903.15	1908.71
903.32	1832.93
903.49	1785.83
903.67	1857.51
903.84	1859.56
904.01	1859.56
904.19	1830.88
904.36	1877.99
904.53	1834.98
904.71	1751.01
904.88	1800.16
905.05	1841.12
905.22	1859.56
905.40	1832.93
905.57	1804.26
905.74	1755.11
905.92	1744.87
906.09	1783.78
906.26	1724.39
906.44	1794.02
906.61	1816.55
906.78	1751.01
906.95	1785.83
907.13	1806.31
907.30	1824.74
907.47	1791.97
907.65	1740.77
907.82	1736.68
907.99	1796.07
908.16	1734.63
908.34	1708.01
908.51	1757.16
908.68	1794.02
908.86	1624.04
909.03	1775.59
909.20	1703.91
909.37	1738.73
909.55	1708.01
909.72	1648.61
909.89	1708.01
910.06	1701.86
910.24	1740.77
910.41	1677.29
910.58	1630.18
910.75	1808.36
910.93	1724.39
911.10	1753.06
911.27	1757.16
911.44	1746.92
911.62	1732.58
911.79	1685.48
911.96	1734.63
912.13	1773.54
912.31	1691.62
912.48	1677.29
912.65	1687.53
912.82	1767.40
913.00	1685.48
913.17	1560.55
913.34	1716.20
913.51	1607.66
913.68	1624.04
913.86	1658.85
914.03	1685.48
914.20	1703.91
914.37	1646.57
914.55	1662.95
914.72	1597.42
914.89	1730.53
915.06	1656.81
915.23	1617.90
915.41	1564.65
915.58	1667.05
915.75	1646.57
915.92	1691.62
916.09	1644.52
916.27	1554.41
916.44	1705.96
916.61	1630.18
916.78	1652.71
916.95	1615.85
917.13	1601.51
917.30	1695.72
917.47	1638.38
917.64	1601.51
917.81	1640.42
917.99	1648.61
918.16	1581.03
918.33	1716.20
918.50	1675.24
918.67	1601.51
918.84	1523.69
919.02	1638.38
919.19	1671.14
919.36	1675.24
919.53	1554.41
919.70	1613.80
919.87	1671.14
920.05	1544.17
920.22	1662.95
920.39	1691.62
920.56	1650.66
920.73	1566.70
920.90	1634.28
921.08	1656.81
921.25	1654.76
921.42	1601.51
921.59	1656.81
921.76	1595.37
921.93	1601.51
922.10	1689.57
922.28	1566.70
922.45	1595.37
922.62	1611.75
922.79	1650.66
922.96	1591.27
923.13	1552.36
923.30	1540.07
923.47	1630.18
923.65	1644.52
923.82	1611.75
923.99	1683.43
924.16	1560.55
924.33	1636.33
924.50	1593.32
924.67	1630.18
924.84	1648.61
925.01	1648.61
925.19	1611.75
925.36	1533.93
925.53	1546.22
925.70	1542.12
925.87	1525.74
926.04	1601.51
926.21	1634.28
926.38	1578.98
926.55	1568.74
926.73	1535.98
926.90	1613.80
927.07	1605.61
927.24	1671.14
927.41	1566.70
927.58	1554.41
927.75	1701.86
927.92	1531.88
928.09	1646.57
928.26	1603.56
928.43	1673.19
928.60	1605.61
928.77	1595.37
928.95	1585.13
929.12	1548.26
929.29	1574.89
929.46	1548.26
929.63	1564.65
929.80	1613.80
929.97	1542.12
930.14	1492.97
930.31	1501.16
930.48	1601.51
930.65	1581.03
930.82	1566.70
930.99	1636.33
931.16	1615.85
931.33	1562.60
931.50	1488.87
931.67	1542.12
931.85	1581.03
932.02	1581.03
932.19	1525.74
932.36	1626.09
932.53	1601.51
932.70	1566.70
932.87	1552.36
933.04	1515.50
933.21	1609.70
933.38	1546.22
933.55	1581.03
933.72	1591.27
933.89	1683.43
934.06	1468.39
934.23	1474.54
934.40	1540.07
934.57	1607.66
934.74	1599.46
934.91	1540.07
935.08	1621.99
935.25	1544.17
935.42	1597.42
935.59	1619.94
935.76	1589.22
935.93	1632.23
936.10	1560.55
936.27	1677.29
936.44	1521.64
936.61	1529.83
936.78	1470.44
936.95	1630.18
937.12	1652.71
937.29	1552.36
937.46	1540.07
937.63	1611.75
937.80	1560.55
937.97	1587.18
938.14	1630.18
938.31	1548.26
938.48	1552.36
938.65	1550.31
938.82	1701.86
938.99	1572.84
939.16	1540.07
939.33	1621.99
939.50	1552.36
939.67	1529.83
939.84	1478.63
940.00	1499.11
940.17	1634.28
940.34	1597.42
940.51	1533.93
940.68	1525.74
940.85	1593.32
941.02	1550.31
941.19	1454.06
941.36	1501.16
941.53	1533.93
941.70	1548.26
941.87	1527.78
942.04	1570.79
942.21	1564.65
942.38	1452.01
942.55	1644.52
942.72	1593.32
942.89	1554.41
943.05	1601.51
943.22	1621.99
943.39	1624.04
943.56	1636.33
943.73	1603.56
943.90	1601.51
944.07	1576.94
944.24	1560.55
944.41	1609.70
944.58	1648.61
944.75	1507.30
944.92	1576.94
945.08	1626.09
945.25	1507.30
945.42	1511.40
945.59	1523.69
945.76	1564.65
945.93	1495.02
946.10	1617.90
946.27	1583.08
946.44	1576.94
946.60	1583.08
946.77	1552.36
946.94	1566.70
947.11	1603.56
947.28	1591.27
947.45	1548.26
947.62	1564.65
947.79	1574.89
947.96	1527.78
948.12	1603.56
948.29	1529.83
948.46	1597.42
948.63	1468.39
948.80	1619.94
948.97	1581.03
949.14	1617.90
949.30	1499.11
949.47	1572.84
949.64	1490.92
949.81	1568.74
949.98	1533.93
950.15	1548.26
950.32	1632.23
950.48	1585.13
950.65	1499.11
950.82	1570.79
950.99	1617.90
951.16	1601.51
951.33	1554.41
951.50	1585.13
951.66	1578.98
951.83	1578.98
952.00	1531.88
952.17	1550.31
952.34	1527.78
952.51	1632.23
952.67	1585.13
952.84	1511.40
953.01	1595.37
953.18	1531.88
953.35	1581.03
953.51	1540.07
953.68	1552.36
953.85	1556.46
954.02	1576.94
954.19	1570.79
954.36	1511.40
954.52	1585.13
954.69	1591.27
954.86	1564.65
955.03	1544.17
955.20	1552.36
955.36	1558.50
955.53	1574.89
955.70	1683.43
955.87	1548.26
956.04	1568.74
956.20	1660.90
956.37	1572.84
956.54	1540.07
956.71	1540.07
956.87	1638.38
957.04	1497.07
957.21	1562.60
957.38	1593.32
957.55	1634.28
957.71	1599.46
957.88	1482.73
958.05	1617.90
958.22	1519.59
958.38	1607.66
958.55	1535.98
958.72	1587.18
958.89	1564.65
959.06	1470.44
959.22	1691.62
959.39	1535.98
959.56	1521.64
959.73	1564.65
959.89	1540.07
960.06	1535.98
960.23	1599.46
960.40	1523.69
960.56	1517.54
960.73	1665.00
960.90	1531.88
961.06	1605.61
961.23	1531.88
961.40	1597.42
961.57	1480.68
961.73	1488.87
961.90	1564.65
962.07	1572.84
962.24	1597.42
962.40	1566.70
962.57	1564.65
962.74	1611.75
962.91	1492.97
963.07	1591.27
963.24	1513.45
963.41	1529.83
963.57	1597.42
963.74	1509.35
963.91	1554.41
964.07	1601.51
964.24	1548.26
964.41	1554.41
964.58	1480.68
964.74	1591.27
964.91	1564.65
965.08	1548.26
965.24	1578.98
965.41	1478.63
965.58	1617.90
965.74	1531.88
965.91	1568.74
966.08	1578.98
966.25	1599.46
966.41	1560.55
966.58	1601.51
966.75	1486.83
966.91	1546.22
967.08	1576.94
967.25	1566.70
967.41	1529.83
967.58	1527.78
967.75	1619.94
967.91	1554.41
968.08	1533.93
968.25	1523.69
968.41	1591.27
968.58	1605.61
968.75	1593.32
968.91	1535.98
969.08	1568.74
969.25	1687.53
969.41	1560.55
969.58	1527.78
969.74	1605.61
969.91	1626.09
970.08	1503.21
970.24	1531.88
970.41	1517.54
970.58	1562.60
970.74	1519.59
970.91	1527.78
971.08	1503.21
971.24	1593.32
971.41	1619.94
971.58	1581.03
971.74	1574.89
971.91	1636.33
972.07	1533.93
972.24	1560.55
972.41	1507.30
972.57	1642.47
972.74	1525.74
972.90	1554.41
973.07	1638.38
973.24	1556.46
973.40	1617.90
973.57	1548.26
973.73	1527.78
973.90	1497.07
974.07	1675.24
974.23	1576.94
974.40	1538.02
974.56	1572.84
974.73	1585.13
974.90	1636.33
975.06	1591.27
975.23	1638.38
975.39	1587.18
975.56	1646.57
975.73	1538.02
975.89	1562.60
976.06	1544.17
976.22	1503.21
976.39	1572.84
976.56	1521.64
976.72	1538.02
976.89	1490.92
977.05	1560.55
977.22	1591.27
977.38	1572.84
977.55	1456.11
977.71	1611.75
977.88	1568.74
978.05	1519.59
978.21	1578.98
978.38	1576.94
978.54	1597.42
978.71	1517.54
978.87	1603.56
979.04	1587.18
979.20	1521.64
979.37	1562.60
979.54	1617.90
979.70	1624.04
979.87	1581.03
980.03	1593.32
980.20	1548.26
980.36	1585.13
980.53	1581.03
980.69	1521.64
980.86	1566.70
981.02	1513.45
981.19	1562.60
981.35	1650.66
981.52	1564.65
981.68	1568.74
981.85	1570.79
982.01	1513.45
982.18	1556.46
982.34	1585.13
982.51	1578.98
982.68	1595.37
982.84	1601.51
983.01	1523.69
983.17	1613.80
983.34	1492.97
983.50	1507.30
983.67	1529.83
983.83	1560.55
984.00	1583.08
984.16	1585.13
984.32	1572.84
984.49	1609.70
984.65	1576.94
984.82	1538.02
984.98	1607.66
985.15	1556.46
985.31	1564.65
985.48	1634.28
985.64	1517.54
985.81	1525.74
985.97	1535.98
986.14	1507.30
986.30	1628.14
986.47	1554.41
986.63	1535.98
986.80	1454.06
986.96	1562.60
987.13	1634.28
987.29	1568.74
987.45	1519.59
987.62	1515.50
987.78	1568.74
987.95	1538.02
988.11	1535.98
988.28	1611.75
988.44	1564.65
988.61	1488.87
988.77	1535.98
988.94	1472.49
989.10	1433.58
989.26	1501.16
989.43	1517.54
989.59	1548.26
989.76	1548.26
989.92	1581.03
990.09	1597.42
990.25	1601.51
990.41	1517.54
990.58	1560.55
990.74	1564.65
990.91	1527.78
991.07	1570.79
991.23	1599.46
991.40	1523.69
991.56	1574.89
991.73	1519.59
991.89	1513.45
992.06	1515.50
992.22	1566.70
992.38	1560.55
992.55	1495.02
992.71	1509.35
992.88	1650.66
993.04	1527.78
993.20	1564.65
993.37	1591.27
993.53	1513.45
993.69	1478.63
993.86	1613.80
994.02	1490.92
994.19	1548.26
994.35	1570.79
994.51	1578.98
994.68	1521.64
994.84	1595.37
995.01	1636.33
995.17	1495.02
995.33	1595.37
995.50	1597.42
995.66	1630.18
995.82	1628.14
995.99	1540.07
996.15	1497.07
996.31	1533.93
996.48	1562.60
996.64	1535.98
996.81	1497.07
996.97	1615.85
997.13	1568.74
997.30	1480.68
997.46	1490.92
997.62	1570.79
997.79	1515.50
997.95	1578.98
998.11	1531.88
998.28	1513.45
998.44	1495.02
998.60	1529.83
998.77	1605.61
998.93	1533.93
999.09	1628.14
999.26	1630.18
999.42	1605.61
999.58	1585.13
999.75	1525.74
999.91	1488.87
1000.07	1572.84
1000.24	1558.50
1000.40	1560.55
1000.56	1578.98
1000.72	1552.36
1000.89	1568.74
1001.05	1533.93
1001.21	1531.88
1001.38	1662.95
1001.54	1560.55
1001.70	1495.02
1001.87	1544.17
1002.03	1564.65
1002.19	1454.06
1002.35	1503.21
1002.52	1558.50
1002.68	1583.08
1002.84	1490.92
1003.01	1499.11
1003.17	1568.74
1003.33	1538.02
1003.49	1527.78
1003.66	1556.46
1003.82	1581.03
1003.98	1523.69
1004.15	1513.45
1004.31	1544.17
1004.47	1531.88
1004.63	1533.93
1004.80	1538.02
1004.96	1568.74
1005.12	1529.83
1005.28	1570.79
1005.45	1644.52
1005.61	1642.47
1005.77	1617.90
1005.93	1466.35
1006.10	1535.98
1006.26	1523.69
1006.42	1546.22
1006.58	1476.59
1006.75	1587.18
1006.91	1566.70
1007.07	1615.85
1007.23	1556.46
1007.40	1667.05
1007.56	1601.51
1007.72	1621.99
1007.88	1624.04
1008.05	1626.09
1008.21	1587.18
1008.37	1511.40
1008.53	1578.98
1008.69	1449.96
1008.86	1581.03
1009.02	1554.41
1009.18	1583.08
1009.34	1501.16
1009.51	1531.88
1009.67	1460.20
1009.83	1621.99
1009.99	1538.02
1010.15	1564.65
1010.32	1581.03
1010.48	1665.00
1010.64	1581.03
1010.80	1523.69
1010.96	1513.45
1011.13	1529.83
1011.29	1544.17
1011.45	1601.51
1011.61	1470.44
1011.77	1499.11
1011.94	1544.17
1012.10	1486.83
1012.26	1538.02
1012.42	1564.65
1012.58	1572.84
1012.74	1542.12
1012.91	1556.46
1013.07	1578.98
1013.23	1601.51
1013.39	1497.07
1013.55	1581.03
1013.71	1591.27
1013.88	1566.70
1014.04	1581.03
1014.20	1556.46
1014.36	1595.37
1014.52	1548.26
1014.68	1540.07
1014.85	1546.22
1015.01	1511.40
1015.17	1533.93
1015.33	1519.59
1015.49	1685.48
1015.65	1544.17
1015.81	1564.65
1015.98	1529.83
1016.14	1527.78
1016.30	1546.22
1016.46	1538.02
1016.62	1599.46
1016.78	1488.87
1016.94	1585.13
1017.11	1578.98
1017.27	1619.94
1017.43	1552.36
1017.59	1525.74
1017.75	1615.85
1017.91	1605.61
1018.07	1556.46
1018.23	1581.03
1018.39	1556.46
1018.56	1556.46
1018.72	1501.16
1018.88	1572.84
1019.04	1603.56
1019.20	1568.74
1019.36	1562.60
1019.52	1550.31
1019.68	1548.26
1019.84	1550.31
1020.01	1478.63
1020.17	1662.95
1020.33	1581.03
1020.49	1507.30
1020.65	1505.26
1020.81	1558.50
1020.97	1503.21
1021.13	1552.36
1021.29	1581.03
1021.45	1560.55
1021.61	1601.51
1021.77	1517.54
1021.94	1613.80
1022.10	1449.96
1022.26	1507.30
1022.42	1548.26
1022.58	1484.78
1022.74	1679.33
1022.90	1544.17
1023.06	1560.55
1023.22	1535.98
1023.38	1667.05
1023.54	1601.51
1023.70	1576.94
1023.86	1597.42
1024.02	1591.27
1024.18	1615.85
1024.34	1523.69
1024.50	1595.37
1024.66	1642.47
1024.83	1529.83
1024.99	1576.94
1025.15	1519.59
1025.31	1576.94
1025.47	1435.63
1025.63	1558.50
1025.79	1511.40
1025.95	1495.02
1026.11	1507.30
1026.27	1533.93
1026.43	1585.13
1026.59	1499.11
1026.75	1798.12
1026.91	1574.89
1027.07	1540.07
1027.23	1585.13
1027.39	1562.60
1027.55	1488.87
1027.71	1636.33
1027.87	1572.84
1028.03	1587.18
1028.19	1542.12
1028.35	1621.99
1028.51	1644.52
1028.67	1599.46
1028.83	1615.85
1028.99	1667.05
1029.15	1499.11
1029.31	1597.42
1029.47	1562.60
1029.63	1560.55
1029.79	1585.13
1029.95	1568.74
1030.11	1564.65
1030.27	1509.35
1030.43	1605.61
1030.59	1499.11
1030.75	1519.59
1030.91	1601.51
1031.07	1542.12
1031.23	1521.64
1031.39	1556.46
1031.55	1607.66
1031.70	1630.18
1031.86	1538.02
1032.02	1509.35
1032.18	1525.74
1032.34	1593.32
1032.50	1574.89
1032.66	1603.56
1032.82	1599.46
1032.98	1603.56
1033.14	1531.88
1033.30	1527.78
1033.46	1550.31
1033.62	1595.37
1033.78	1544.17
1033.94	1646.57
1034.10	1474.54
1034.26	1576.94
1034.42	1462.25
1034.57	1490.92
1034.73	1558.50
1034.89	1560.55
